ts,open,high,low,close,volume,close_time,quote_asset_volume,num_trades,taker_buy_base,taker_buy_quote,ignore
2025-06-26 08:00:00,0.138,0.138,0.1376,0.1376,70.90000000,1750939199999,9.77360000,2,44.40000000,6.12720000,0
2025-06-26 12:00:00,0.1392,0.1392,0.1365,0.1365,2006.10000000,1750953599999,278.26627000,8,1644.60000000,228.52387000,0
2025-06-26 16:00:00,0.1359,0.1359,0.1347,0.1347,3772.90000000,1750967999999,508.45587000,2,205.20000000,27.88668000,0
2025-06-26 20:00:00,0.1347,0.1347,0.1347,0.1347,0.00000000,1750982399999,0.00000000,0,0.00000000,0.00000000,0
2025-06-27 00:00:00,0.1347,0.1373,0.1347,0.1373,212.00000000,1750996799999,29.08654000,2,0.00000000,0.00000000,0
2025-06-27 04:00:00,0.1373,0.1373,0.1373,0.1373,0.00000000,1751011199999,0.00000000,0,0.00000000,0.00000000,0
2025-06-27 08:00:00,0.1373,0.1373,0.1373,0.1373,0.00000000,1751025599999,0.00000000,0,0.00000000,0.00000000,0
2025-06-27 12:00:00,0.1342,0.1348,0.1338,0.1338,3042.10000000,1751039999999,408.29543000,11,2624.70000000,352.42375000,0
2025-06-27 16:00:00,0.1338,0.1338,0.1338,0.1338,0.00000000,1751054399999,0.00000000,0,0.00000000,0.00000000,0
2025-06-27 20:00:00,0.1383,0.1386,0.1383,0.1386,324.10000000,1751068799999,44.85540000,2,324.10000000,44.85540000,0
2025-06-28 00:00:00,0.1384,0.1391,0.1383,0.1383,14079.60000000,1751083199999,1954.62315000,4,6696.90000000,927.68958000,0
2025-06-28 04:00:00,0.1379,0.1391,0.1379,0.1391,971.50000000,1751097599999,134.09477000,3,971.50000000,134.09477000,0
2025-06-28 08:00:00,0.1391,0.1391,0.1391,0.1391,0.00000000,1751111999999,0.00000000,0,0.00000000,0.00000000,0
2025-06-28 12:00:00,0.1436,0.1436,0.1412,0.1412,405.80000000,1751126399999,58.24888000,2,405.80000000,58.24888000,0
2025-06-28 16:00:00,0.1472,0.1472,0.1472,0.1472,674.90000000,1751140799999,99.34528000,1,0.00000000,0.00000000,0
2025-06-28 20:00:00,0.1485,0.1485,0.1485,0.1485,343.70000000,1751155199999,51.03945000,1,343.70000000,51.03945000,0
2025-06-29 00:00:00,0.1478,0.1478,0.1478,0.1478,1229.20000000,1751169599999,181.67576000,1,1229.20000000,181.67576000,0
2025-06-29 04:00:00,0.1478,0.1485,0.1452,0.1485,571.60000000,1751183999999,83.84933000,5,444.70000000,65.28175000,0
2025-06-29 08:00:00,0.1498,0.152,0.1476,0.1476,63827.60000000,1751198399999,9583.18861000,10,29238.10000000,4387.36170000,0
2025-06-29 12:00:00,0.1489,0.1489,0.1456,0.1456,68455.70000000,1751212799999,10169.49701000,2,61317.30000000,9130.14597000,0
2025-06-29 16:00:00,0.1454,0.1465,0.1454,0.1465,1724.20000000,1751227199999,251.68766000,4,1468.00000000,214.43618000,0
2025-06-29 20:00:00,0.1468,0.1597,0.1468,0.1595,14278.90000000,1751241599999,2275.38881000,5,373.20000000,54.78576000,0
2025-06-30 00:00:00,0.161,0.1636,0.1565,0.1572,58779.30000000,1751255999999,9539.61707000,14,46016.80000000,7487.01508000,0
2025-06-30 04:00:00,0.1557,0.1557,0.1557,0.1557,670.00000000,1751270399999,104.31900000,2,641.80000000,99.92826000,0
2025-06-30 08:00:00,0.153,0.1532,0.153,0.1532,711.50000000,1751284799999,108.92336000,2,0.00000000,0.00000000,0
2025-06-30 12:00:00,0.1491,0.1491,0.1489,0.1489,516.30000000,1751299199999,76.97365000,2,33.40000000,4.97326000,0
2025-06-30 16:00:00,0.1526,0.1526,0.1495,0.1502,55179.30000000,1751313599999,8276.36266000,7,163.80000000,24.99588000,0
2025-06-30 20:00:00,0.152,0.152,0.1471,0.1471,3611.00000000,1751327999999,544.54313000,5,3546.70000000,535.08460000,0
2025-07-01 00:00:00,0.1448,0.1456,0.1443,0.1443,9908.20000000,1751342399999,1434.80272000,5,1187.70000000,172.02744000,0
2025-07-01 04:00:00,0.1412,0.1412,0.1402,0.1402,839.60000000,1751356799999,117.81192000,2,0.00000000,0.00000000,0
2025-07-01 08:00:00,0.1402,0.1402,0.1398,0.1398,1179.30000000,1751371199999,165.12982000,2,0.00000000,0.00000000,0
2025-07-01 12:00:00,0.1373,0.1373,0.1373,0.1373,1456.70000000,1751385599999,200.00491000,1,0.00000000,0.00000000,0
2025-07-01 16:00:00,0.1387,0.1387,0.135,0.135,3317.00000000,1751399999999,455.81993000,3,719.30000000,99.76691000,0
2025-07-01 20:00:00,0.1355,0.1355,0.1355,0.1355,71.40000000,1751414399999,9.67470000,1,71.40000000,9.67470000,0
2025-07-02 00:00:00,0.1355,0.1355,0.1355,0.1355,107.00000000,1751428799999,14.49850000,1,0.00000000,0.00000000,0
2025-07-02 04:00:00,0.1386,0.1386,0.1386,0.1386,718.60000000,1751443199999,99.59796000,1,718.60000000,99.59796000,0
2025-07-02 08:00:00,0.1392,0.1417,0.1392,0.1417,599.60000000,1751457599999,84.72007000,2,502.30000000,71.17591000,0
2025-07-02 12:00:00,0.1412,0.1474,0.1412,0.1474,3915.90000000,1751471999999,576.07342000,3,3848.20000000,566.51418000,0
2025-07-02 16:00:00,0.1497,0.1663,0.1497,0.1663,51613.40000000,1751486399999,8134.65131000,11,797.60000000,125.56858000,0
2025-07-02 20:00:00,0.1663,0.179,0.1663,0.1741,14149.60000000,1751500799999,2491.01268000,14,693.80000000,121.53386000,0
2025-07-03 00:00:00,0.1741,0.1741,0.1713,0.1713,2543.70000000,1751515199999,439.47984000,8,544.20000000,93.62498000,0
2025-07-03 04:00:00,0.1704,0.2242,0.1666,0.2052,58931.20000000,1751529599999,12130.12437000,23,36803.90000000,7512.23753000,0
2025-07-03 08:00:00,0.2,0.2,0.1871,0.1871,1907.70000000,1751543999999,365.14891000,6,393.70000000,77.97526000,0
2025-07-03 12:00:00,0.1869,0.192,0.1809,0.1829,10695.60000000,1751558399999,1980.12973000,19,1639.70000000,302.13155000,0
2025-07-03 16:00:00,0.1866,0.1918,0.1849,0.191,9090.40000000,1751572799999,1723.18996000,11,5257.20000000,997.96146000,0
2025-07-03 20:00:00,0.1906,0.1906,0.1877,0.1877,805.30000000,1751587199999,151.18787000,2,805.30000000,151.18787000,0
2025-07-04 00:00:00,0.1906,0.1906,0.1848,0.1848,1055.70000000,1751601599999,199.53198000,3,1055.70000000,199.53198000,0
2025-07-04 04:00:00,0.1766,0.1766,0.1766,0.1766,13.70000000,1751615999999,2.41942000,1,13.70000000,2.41942000,0
2025-07-04 08:00:00,0.1784,0.1803,0.1784,0.1801,1493.50000000,1751630399999,268.50530000,5,0.00000000,0.00000000,0
2025-07-04 12:00:00,0.1828,0.1828,0.1769,0.1769,1652.90000000,1751644799999,296.21826000,3,652.90000000,119.31826000,0
2025-07-04 16:00:00,0.17,0.1739,0.17,0.1739,1398.30000000,1751659199999,242.51189000,5,1255.30000000,218.20189000,0
2025-07-04 20:00:00,0.1731,0.1858,0.1731,0.1819,6198.70000000,1751673599999,1143.30660000,9,5677.40000000,1049.83857000,0
2025-07-05 00:00:00,0.1852,0.1934,0.1852,0.1934,137.20000000,1751687999999,25.83420000,2,51.80000000,10.01812000,0
2025-07-05 04:00:00,0.1934,0.1934,0.1934,0.1934,0.00000000,1751702399999,0.00000000,0,0.00000000,0.00000000,0
2025-07-05 08:00:00,0.1824,0.1824,0.1824,0.1824,11.00000000,1751716799999,2.00640000,1,0.00000000,0.00000000,0
2025-07-05 12:00:00,0.1826,0.1826,0.1826,0.1826,270.20000000,1751731199999,49.33852000,1,0.00000000,0.00000000,0
2025-07-05 16:00:00,0.1784,0.1808,0.1784,0.1808,1281.00000000,1751745599999,231.49464000,2,1281.00000000,231.49464000,0
2025-07-05 20:00:00,0.1839,0.1839,0.1839,0.1839,102.00000000,1751759999999,18.75780000,1,102.00000000,18.75780000,0
2025-07-06 00:00:00,0.1805,0.1805,0.1805,0.1805,10.00000000,1751774399999,1.80500000,1,10.00000000,1.80500000,0
2025-07-06 04:00:00,0.1805,0.1805,0.1805,0.1805,0.00000000,1751788799999,0.00000000,0,0.00000000,0.00000000,0
2025-07-06 08:00:00,0.1803,0.1803,0.1763,0.1763,35173.50000000,1751803199999,6257.86616000,4,0.00000000,0.00000000,0
2025-07-06 12:00:00,0.1833,0.1833,0.1823,0.1823,102.10000000,1751817599999,18.69993000,2,87.10000000,15.96543000,0
2025-07-06 16:00:00,0.1899,0.1899,0.1852,0.1897,12799.20000000,1751831999999,2374.13676000,5,843.00000000,159.77974000,0
2025-07-06 20:00:00,0.1898,0.1937,0.1876,0.1876,6024.80000000,1751846399999,1143.25165000,4,6024.80000000,1143.25165000,0
2025-07-07 00:00:00,0.1906,0.1906,0.1906,0.1906,21.00000000,1751860799999,4.00260000,1,21.00000000,4.00260000,0
2025-07-07 04:00:00,0.1876,0.1876,0.1876,0.1876,54.00000000,1751875199999,10.13040000,2,0.00000000,0.00000000,0
2025-07-07 08:00:00,0.1853,0.1853,0.1853,0.1853,310.40000000,1751889599999,57.51712000,2,310.40000000,57.51712000,0
2025-07-07 12:00:00,0.1853,0.1853,0.1853,0.1853,0.00000000,1751903999999,0.00000000,0,0.00000000,0.00000000,0
2025-07-07 16:00:00,0.1853,0.1853,0.1853,0.1853,0.00000000,1751918399999,0.00000000,0,0.00000000,0.00000000,0
2025-07-07 20:00:00,0.1824,0.1824,0.1759,0.1759,3229.20000000,1751932799999,584.98465000,10,2546.50000000,464.48160000,0
2025-07-08 00:00:00,0.1784,0.1784,0.1781,0.1781,72.50000000,1751947199999,12.91726000,2,72.50000000,12.91726000,0
2025-07-08 04:00:00,0.178,0.178,0.178,0.178,2808.90000000,1751961599999,499.98420000,1,2808.90000000,499.98420000,0
2025-07-08 08:00:00,0.1805,0.1805,0.1799,0.1799,220.50000000,1751975999999,39.71769000,2,82.90000000,14.96345000,0
2025-07-08 12:00:00,0.1821,0.1821,0.177,0.177,66.80000000,1751990399999,11.92679000,3,12.50000000,2.27625000,0
2025-07-08 16:00:00,0.1759,0.1762,0.1759,0.1762,417.80000000,1752004799999,73.61159000,2,0.00000000,0.00000000,0
2025-07-08 20:00:00,0.1802,0.1812,0.1802,0.1812,571.70000000,1752019199999,103.56504000,2,571.70000000,103.56504000,0
2025-07-09 00:00:00,0.1812,0.1812,0.1812,0.1812,0.00000000,1752033599999,0.00000000,0,0.00000000,0.00000000,0
2025-07-09 04:00:00,0.1812,0.1812,0.1812,0.1812,0.00000000,1752047999999,0.00000000,0,0.00000000,0.00000000,0
2025-07-09 08:00:00,0.1798,0.1798,0.1792,0.1792,208.10000000,1752062399999,37.29482000,2,5.50000000,0.98890000,0
2025-07-09 12:00:00,0.1815,0.1825,0.1769,0.1784,2413.10000000,1752076799999,431.93521000,8,299.30000000,54.22387000,0
2025-07-09 16:00:00,0.1831,0.1921,0.1831,0.1921,46805.30000000,1752091199999,8672.45865000,8,46805.30000000,8672.45865000,0
2025-07-09 20:00:00,0.1885,0.1885,0.1884,0.1884,186.60000000,1752105599999,35.16073000,2,52.90000000,9.97165000,0
2025-07-10 00:00:00,0.1863,0.1863,0.1863,0.1863,159.20000000,1752119999999,29.65896000,1,0.00000000,0.00000000,0
2025-07-10 04:00:00,0.1921,0.1921,0.188,0.1898,49583.30000000,1752134399999,9509.78951000,11,2296.60000000,432.14454000,0
2025-07-10 08:00:00,0.1933,0.2,0.1933,0.2,2682.50000000,1752148799999,536.19569000,4,2637.90000000,527.53227000,0
2025-07-10 12:00:00,0.2075,0.209,0.2,0.2,92012.60000000,1752163199999,18808.84625000,14,46014.00000000,9540.04725000,0
2025-07-10 16:00:00,0.2023,0.2134,0.2013,0.2013,52244.30000000,1752177599999,10939.78961000,17,50694.10000000,10616.06278000,0
2025-07-10 20:00:00,0.204,0.2127,0.204,0.2127,97461.50000000,1752191999999,20335.68116000,12,46817.40000000,9948.67762000,0
2025-07-11 00:00:00,0.2127,0.2152,0.2089,0.2126,93909.20000000,1752206399999,19911.66772000,22,46383.90000000,9692.01616000,0
2025-07-11 04:00:00,0.2154,0.2154,0.2089,0.2092,3022.70000000,1752220799999,645.07638000,8,594.70000000,127.37405000,0
2025-07-11 08:00:00,0.2077,0.2113,0.2056,0.2056,1882.10000000,1752235199999,394.12412000,10,544.40000000,114.12733000,0
2025-07-11 12:00:00,0.206,0.2079,0.2005,0.2005,3090.10000000,1752249599999,637.39136000,4,2945.50000000,607.68462000,0
2025-07-11 16:00:00,0.196,0.2018,0.196,0.2018,571.70000000,1752263999999,113.66776000,3,285.20000000,57.51376000,0
2025-07-11 20:00:00,0.2002,0.2021,0.1888,0.1938,1613.50000000,1752278399999,314.63605000,7,1058.40000000,209.48433000,0
2025-07-12 00:00:00,0.1892,0.1892,0.189,0.189,304.70000000,1752292799999,57.64226000,2,0.00000000,0.00000000,0
2025-07-12 04:00:00,0.1942,0.1942,0.1942,0.1942,6033.10000000,1752307199999,1171.62802000,2,3296.20000000,640.12204000,0
2025-07-12 08:00:00,0.1914,0.1914,0.1889,0.1889,6240.60000000,1752321599999,1179.47569000,5,5461.60000000,1031.82624000,0
2025-07-12 12:00:00,0.18,0.183,0.18,0.183,1049.50000000,1752335999999,191.50290000,2,864.30000000,158.16690000,0
2025-07-12 16:00:00,0.1824,0.1824,0.1824,0.1824,2543.20000000,1752350399999,463.87968000,2,2311.90000000,421.69056000,0
2025-07-12 20:00:00,0.1824,0.1824,0.1824,0.1824,0.00000000,1752364799999,0.00000000,0,0.00000000,0.00000000,0
2025-07-13 00:00:00,0.1842,0.1842,0.1816,0.1816,291.10000000,1752379199999,53.19536000,5,53.90000000,9.92838000,0
2025-07-13 04:00:00,0.1816,0.1816,0.1816,0.1816,0.00000000,1752393599999,0.00000000,0,0.00000000,0.00000000,0
2025-07-13 08:00:00,0.1819,0.1819,0.1799,0.1816,517.60000000,1752407999999,93.93347000,3,172.40000000,31.35956000,0
2025-07-13 12:00:00,0.1858,0.1858,0.1858,0.1858,5787.40000000,1752422399999,1075.29892000,1,0.00000000,0.00000000,0
2025-07-13 16:00:00,0.1847,0.1875,0.1847,0.1869,7141.40000000,1752436799999,1334.31162000,8,5949.10000000,1110.75537000,0
2025-07-13 20:00:00,0.1869,0.187,0.1799,0.1821,2469.40000000,1752451199999,453.32529000,5,303.60000000,55.43032000,0
2025-07-14 00:00:00,0.1823,0.1924,0.1823,0.1924,882.00000000,1752465599999,163.16221000,5,882.00000000,163.16221000,0
2025-07-14 04:00:00,0.2102,0.2102,0.1962,0.1975,137577.70000000,1752479999999,27586.58618000,17,68806.40000000,13591.04734000,0
2025-07-14 08:00:00,0.1956,0.1956,0.1948,0.1948,123.30000000,1752494399999,24.04452000,2,32.10000000,6.27876000,0
2025-07-14 12:00:00,0.1921,0.1945,0.1851,0.1851,684.10000000,1752508799999,129.10867000,5,294.80000000,56.82913000,0
2025-07-14 16:00:00,0.1849,0.1929,0.1849,0.1929,777.10000000,1752523199999,148.68059000,3,517.10000000,99.74859000,0
2025-07-14 20:00:00,0.1895,0.1964,0.1895,0.1921,2174.10000000,1752537599999,423.46554000,7,2082.10000000,405.79234000,0
2025-07-15 00:00:00,0.1927,0.1927,0.191,0.191,51.90000000,1752551999999,9.95676000,2,51.90000000,9.95676000,0
2025-07-15 04:00:00,0.1846,0.1915,0.1846,0.1915,992.40000000,1752566399999,187.45772000,5,950.30000000,179.58081000,0
2025-07-15 08:00:00,0.1915,0.1915,0.1915,0.1915,0.00000000,1752580799999,0.00000000,0,0.00000000,0.00000000,0
2025-07-15 12:00:00,0.1917,0.1917,0.1836,0.1836,876.80000000,1752595199999,165.61347000,3,0.00000000,0.00000000,0
2025-07-15 16:00:00,0.192,0.1942,0.1897,0.191,8670.30000000,1752609599999,1664.17061000,8,8354.60000000,1603.47286000,0
2025-07-15 20:00:00,0.195,0.195,0.195,0.195,257.50000000,1752623999999,50.21250000,1,257.50000000,50.21250000,0
2025-07-16 00:00:00,0.2013,0.2013,0.1939,0.1954,2188.40000000,1752638399999,426.27792000,5,264.30000000,51.92919000,0
2025-07-16 04:00:00,0.1953,0.1953,0.193,0.193,1435.40000000,1752652799999,280.00761000,3,1305.90000000,255.01411000,0
2025-07-16 08:00:00,0.1978,0.1978,0.1978,0.1978,62.20000000,1752667199999,12.30316000,1,0.00000000,0.00000000,0
2025-07-16 12:00:00,0.1997,0.1997,0.1977,0.1977,2923.70000000,1752681599999,578.97496000,5,2171.40000000,430.10499000,0
2025-07-16 16:00:00,0.2045,0.206,0.2044,0.206,2017.40000000,1752695999999,413.11089000,5,732.50000000,149.84304000,0
2025-07-16 20:00:00,0.209,0.209,0.2024,0.2024,4709.60000000,1752710399999,972.25103000,13,4342.40000000,896.07287000,0
2025-07-17 00:00:00,0.2154,0.2221,0.2022,0.2022,2840.10000000,1752724799999,593.56734000,14,1279.10000000,274.38680000,0
2025-07-17 04:00:00,0.2095,0.2095,0.2051,0.2051,4138.20000000,1752739199999,856.91488000,8,3716.50000000,769.91817000,0
2025-07-17 08:00:00,0.2041,0.2051,0.1866,0.1971,5421.90000000,1752753599999,1048.71930000,14,487.50000000,99.98625000,0
2025-07-17 12:00:00,0.1988,0.1988,0.1981,0.1986,10367.50000000,1752767999999,2058.74786000,6,8671.30000000,1721.88254000,0
2025-07-17 16:00:00,0.196,0.196,0.189,0.1942,6426.10000000,1752782399999,1235.16611000,8,2401.10000000,454.23348000,0
2025-07-17 20:00:00,0.1895,0.1968,0.1895,0.195,2621.70000000,1752796799999,513.21110000,10,1231.80000000,242.11815000,0
2025-07-18 00:00:00,0.1943,0.2,0.1932,0.2,8697.30000000,1752811199999,1709.25949000,8,2398.40000000,478.69412000,0
2025-07-18 04:00:00,0.2019,0.208,0.2019,0.2038,7792.10000000,1752825599999,1580.60796000,14,4373.10000000,886.19975000,0
2025-07-18 08:00:00,0.2021,0.2021,0.201,0.2016,2387.10000000,1752839999999,481.04469000,5,519.90000000,104.79696000,0
2025-07-18 12:00:00,0.2022,0.2039,0.1933,0.1933,1670.20000000,1752854399999,337.33494000,3,1618.20000000,327.28334000,0
2025-07-18 16:00:00,0.1908,0.1908,0.1863,0.187,1699.40000000,1752868799999,320.42950000,5,1136.10000000,213.67258000,0
2025-07-18 20:00:00,0.186,0.186,0.1793,0.1809,664.40000000,1752883199999,119.63005000,4,25.00000000,4.52250000,0
2025-07-19 00:00:00,0.192,0.1922,0.192,0.1922,229.60000000,1752897599999,44.08820000,2,0.00000000,0.00000000,0
2025-07-19 04:00:00,0.1922,0.1922,0.1922,0.1922,0.00000000,1752911999999,0.00000000,0,0.00000000,0.00000000,0
2025-07-19 08:00:00,0.1922,0.1922,0.1886,0.1886,54.60000000,1752926399999,10.33500000,2,0.00000000,0.00000000,0
2025-07-19 12:00:00,0.1895,0.1895,0.1895,0.1895,26.30000000,1752940799999,4.98385000,1,26.30000000,4.98385000,0
2025-07-19 16:00:00,0.1872,0.1872,0.1872,0.1872,33.60000000,1752955199999,6.28992000,1,33.60000000,6.28992000,0
2025-07-19 20:00:00,0.1872,0.1872,0.1872,0.1872,0.00000000,1752969599999,0.00000000,0,0.00000000,0.00000000,0
2025-07-20 00:00:00,0.1872,0.1872,0.1872,0.1872,0.00000000,1752983999999,0.00000000,0,0.00000000,0.00000000,0
2025-07-20 04:00:00,0.1872,0.1872,0.1872,0.1872,0.00000000,1752998399999,0.00000000,0,0.00000000,0.00000000,0
2025-07-20 08:00:00,0.1902,0.1902,0.1893,0.1893,232.60000000,1753012799999,44.07816000,2,52.20000000,9.92844000,0
2025-07-20 12:00:00,0.1968,0.1968,0.1968,0.1968,37.00000000,1753027199999,7.28160000,1,37.00000000,7.28160000,0
2025-07-20 16:00:00,0.1973,0.2,0.1966,0.1974,1502.30000000,1753041599999,299.09388000,6,1423.90000000,283.66008000,0
2025-07-20 20:00:00,0.1974,0.1974,0.1974,0.1974,0.00000000,1753055999999,0.00000000,0,0.00000000,0.00000000,0
2025-07-21 00:00:00,0.1913,0.1913,0.1888,0.1888,799.90000000,1753070399999,151.28714000,5,35.50000000,6.79115000,0
2025-07-21 04:00:00,0.1952,0.1952,0.1952,0.1952,50.30000000,1753084799999,9.81856000,1,0.00000000,0.00000000,0
2025-07-21 08:00:00,0.1952,0.1952,0.1952,0.1952,0.00000000,1753099199999,0.00000000,0,0.00000000,0.00000000,0
2025-07-21 12:00:00,0.2024,0.21,0.2024,0.21,40797.20000000,1753113599999,8550.48756000,6,0.00000000,0.00000000,0
2025-07-21 16:00:00,0.208,0.208,0.2053,0.2053,19929.20000000,1753127999999,4125.35060000,4,19865.20000000,4112.21140000,0
2025-07-21 20:00:00,0.208,0.208,0.208,0.208,980.80000000,1753142399999,204.00640000,1,980.80000000,204.00640000,0
2025-07-22 00:00:00,0.2024,0.2314,0.2024,0.2207,600.10000000,1753156799999,134.68194000,10,574.60000000,129.52074000,0
2025-07-22 04:00:00,0.2223,0.2225,0.216,0.216,2354.80000000,1753171199999,510.99177000,4,2354.80000000,510.99177000,0
2025-07-22 08:00:00,0.211,0.2149,0.211,0.2149,2422.20000000,1753185599999,519.94266000,3,2422.20000000,519.94266000,0
2025-07-22 12:00:00,0.1888,0.2272,0.182,0.2199,47135.40000000,1753199999999,10559.78143000,20,2502.90000000,556.42211000,0
2025-07-22 16:00:00,0.2162,0.2162,0.2134,0.2134,44116.10000000,1753214399999,9529.15526000,7,43370.80000000,9368.09280000,0
2025-07-22 20:00:00,0.2134,0.2134,0.2134,0.2134,0.00000000,1753228799999,0.00000000,0,0.00000000,0.00000000,0
2025-07-23 00:00:00,0.2212,0.2342,0.2177,0.2277,4125.70000000,1753243199999,909.28897000,10,323.70000000,74.30151000,0
2025-07-23 04:00:00,0.2348,0.2348,0.2341,0.2341,1403.80000000,1753257599999,328.91566000,4,1403.80000000,328.91566000,0
2025-07-23 08:00:00,0.2348,0.2386,0.2348,0.2386,59.90000000,1753271999999,14.21956000,2,59.90000000,14.21956000,0
2025-07-23 12:00:00,0.2368,0.2368,0.2232,0.2232,503.10000000,1753286399999,118.66488000,2,503.10000000,118.66488000,0
2025-07-23 16:00:00,0.2111,0.2111,0.2076,0.2076,72.00000000,1753300799999,14.98010000,2,0.00000000,0.00000000,0
2025-07-23 20:00:00,0.205,0.205,0.205,0.205,243.30000000,1753315199999,49.87650000,1,243.30000000,49.87650000,0
2025-07-24 00:00:00,0.2021,0.2093,0.2021,0.2093,2868.40000000,1753329599999,583.06994000,6,95.20000000,19.92536000,0
2025-07-24 04:00:00,0.2019,0.2019,0.1838,0.1838,3895.30000000,1753343999999,752.76554000,5,1485.80000000,299.98302000,0
2025-07-24 08:00:00,0.1985,0.1985,0.1947,0.1947,322.30000000,1753358399999,63.22083000,3,60.90000000,12.08865000,0
2025-07-24 12:00:00,0.2111,0.2111,0.2111,0.2111,43062.10000000,1753372799999,9090.40931000,4,0.00000000,0.00000000,0
2025-07-24 16:00:00,0.2111,0.2111,0.2111,0.2111,0.00000000,1753387199999,0.00000000,0,0.00000000,0.00000000,0
2025-07-24 20:00:00,0.2046,0.2046,0.2001,0.2001,74.10000000,1753401599999,14.93676000,2,74.10000000,14.93676000,0
2025-07-25 00:00:00,0.1967,0.1967,0.1925,0.1925,43154.10000000,1753415999999,8307.69555000,6,43154.10000000,8307.69555000,0
2025-07-25 04:00:00,0.1919,0.1919,0.1919,0.1919,574.80000000,1753430399999,110.30412000,1,0.00000000,0.00000000,0
2025-07-25 08:00:00,0.2038,0.2039,0.2038,0.2039,152.30000000,1753444799999,31.04119000,2,0.00000000,0.00000000,0
2025-07-25 12:00:00,0.2089,0.2089,0.2067,0.2067,511.30000000,1753459199999,106.73599000,2,511.30000000,106.73599000,0
2025-07-25 16:00:00,0.2067,0.2067,0.2067,0.2067,0.00000000,1753473599999,0.00000000,0,0.00000000,0.00000000,0
2025-07-25 20:00:00,0.1968,0.2068,0.1958,0.2068,1788.60000000,1753487999999,356.83802000,4,482.30000000,99.73964000,0
2025-07-26 00:00:00,0.2099,0.2111,0.2099,0.2111,47.40000000,1753502399999,9.96570000,2,47.40000000,9.96570000,0
2025-07-26 04:00:00,0.2111,0.2111,0.2111,0.2111,0.00000000,1753516799999,0.00000000,0,0.00000000,0.00000000,0
2025-07-26 08:00:00,0.2085,0.2085,0.2085,0.2085,12.10000000,1753531199999,2.52285000,1,0.00000000,0.00000000,0
2025-07-26 12:00:00,0.2065,0.2065,0.2065,0.2065,465.70000000,1753545599999,96.16705000,1,0.00000000,0.00000000,0
2025-07-26 16:00:00,0.2054,0.2054,0.2053,0.2053,769.20000000,1753559999999,157.99126000,2,24.20000000,4.96826000,0
2025-07-26 20:00:00,0.2053,0.2053,0.2053,0.2053,0.00000000,1753574399999,0.00000000,0,0.00000000,0.00000000,0
2025-07-27 00:00:00,0.1774,0.2129,0.1774,0.2129,187.80000000,1753588799999,36.34677000,3,53.70000000,11.43273000,0
2025-07-27 04:00:00,0.2129,0.2129,0.2129,0.2129,0.00000000,1753603199999,0.00000000,0,0.00000000,0.00000000,0
2025-07-27 08:00:00,0.2087,0.2087,0.2087,0.2087,33.60000000,1753617599999,7.01232000,1,33.60000000,7.01232000,0
2025-07-27 12:00:00,0.2112,0.2122,0.2112,0.2119,1115.10000000,1753631999999,236.48250000,4,1061.40000000,225.14106000,0
2025-07-27 16:00:00,0.2192,0.2207,0.1756,0.2166,1060.80000000,1753646399999,223.71939000,12,414.50000000,87.06622000,0
2025-07-27 20:00:00,0.2133,0.2184,0.2132,0.2139,1941.80000000,1753660799999,419.87667000,7,1152.50000000,248.90900000,0
2025-07-28 00:00:00,0.2071,0.2071,0.2071,0.2071,701.20000000,1753675199999,145.21852000,1,701.20000000,145.21852000,0
2025-07-28 04:00:00,0.2099,0.2113,0.2099,0.2113,312.70000000,1753689599999,65.91461000,2,312.70000000,65.91461000,0
2025-07-28 08:00:00,0.2053,0.2053,0.2053,0.2053,45.40000000,1753703999999,9.32062000,1,0.00000000,0.00000000,0
2025-07-28 12:00:00,0.2053,0.2053,0.2053,0.2053,0.00000000,1753718399999,0.00000000,0,0.00000000,0.00000000,0
2025-07-28 16:00:00,0.1995,0.1995,0.1942,0.1957,3335.00000000,1753732799999,655.07195000,9,1483.30000000,294.12840000,0
2025-07-28 20:00:00,0.193,0.193,0.1914,0.1918,4190.20000000,1753747199999,806.28022000,8,2075.40000000,398.68400000,0
2025-07-29 00:00:00,0.1945,0.1945,0.1936,0.1936,13034.10000000,1753761599999,2534.90106000,3,12129.40000000,2358.93691000,0
2025-07-29 04:00:00,0.1936,0.1936,0.1936,0.1936,0.00000000,1753775999999,0.00000000,0,0.00000000,0.00000000,0
2025-07-29 08:00:00,0.1908,0.1914,0.1908,0.1914,769.20000000,1753790399999,147.14724000,2,639.80000000,122.45772000,0
2025-07-29 12:00:00,0.1952,0.1952,0.1881,0.1881,763.20000000,1753804799999,143.99457000,2,61.50000000,12.00480000,0
2025-07-29 16:00:00,0.1881,0.1881,0.1881,0.1881,0.00000000,1753819199999,0.00000000,0,0.00000000,0.00000000,0
2025-07-29 20:00:00,0.18,0.1817,0.18,0.1817,174.90000000,1753833599999,31.54337000,2,36.10000000,6.55937000,0
2025-07-30 00:00:00,0.1817,0.1817,0.1817,0.1817,0.00000000,1753847999999,0.00000000,0,0.00000000,0.00000000,0
2025-07-30 04:00:00,0.1817,0.1817,0.1817,0.1817,0.00000000,1753862399999,0.00000000,0,0.00000000,0.00000000,0
2025-07-30 08:00:00,0.1839,0.1863,0.1839,0.1863,524.80000000,1753876799999,96.59040000,2,33.20000000,6.18516000,0
2025-07-30 12:00:00,0.1787,0.1787,0.1769,0.1769,52.50000000,1753891199999,9.31731000,2,16.70000000,2.98429000,0
2025-07-30 16:00:00,0.1825,0.1825,0.1825,0.1825,532.60000000,1753905599999,97.19950000,1,532.60000000,97.19950000,0
2025-07-30 20:00:00,0.1773,0.1773,0.1731,0.1731,82.10000000,1753919999999,14.44167000,2,54.80000000,9.71604000,0
2025-07-31 00:00:00,0.1785,0.1801,0.1785,0.1801,254.40000000,1753934399999,45.76432000,2,221.20000000,39.83812000,0
2025-07-31 04:00:00,0.1801,0.1801,0.1801,0.1801,0.00000000,1753948799999,0.00000000,0,0.00000000,0.00000000,0
2025-07-31 08:00:00,0.182,0.182,0.182,0.182,60.50000000,1753963199999,11.01100000,1,0.00000000,0.00000000,0
2025-07-31 12:00:00,0.182,0.182,0.182,0.182,0.00000000,1753977599999,0.00000000,0,0.00000000,0.00000000,0
2025-07-31 16:00:00,0.173,0.173,0.173,0.173,532.60000000,1753991999999,92.13980000,2,0.00000000,0.00000000,0
2025-07-31 20:00:00,0.1722,0.1722,0.1694,0.1694,323.20000000,1754006399999,54.83128000,2,323.20000000,54.83128000,0
2025-08-01 00:00:00,0.1656,0.1657,0.1648,0.1648,54730.80000000,1754020799999,9067.96958000,8,11923.60000000,1974.81896000,0
2025-08-01 04:00:00,0.1649,0.1649,0.1649,0.1649,301.60000000,1754035199999,49.73384000,1,301.60000000,49.73384000,0
2025-08-01 08:00:00,0.1649,0.1649,0.1649,0.1649,0.00000000,1754049599999,0.00000000,0,0.00000000,0.00000000,0
2025-08-01 12:00:00,0.1649,0.1649,0.1649,0.1649,0.00000000,1754063999999,0.00000000,0,0.00000000,0.00000000,0
2025-08-01 16:00:00,0.1601,0.1601,0.1601,0.1601,301.60000000,1754078399999,48.28616000,1,0.00000000,0.00000000,0
2025-08-01 20:00:00,0.1601,0.1601,0.1601,0.1601,0.00000000,1754092799999,0.00000000,0,0.00000000,0.00000000,0
2025-08-02 00:00:00,0.1635,0.1635,0.1635,0.1635,609.80000000,1754107199999,99.70230000,1,609.80000000,99.70230000,0
2025-08-02 04:00:00,0.1635,0.1635,0.1635,0.1635,0.00000000,1754121599999,0.00000000,0,0.00000000,0.00000000,0
2025-08-02 08:00:00,0.1635,0.1635,0.1635,0.1635,0.00000000,1754135999999,0.00000000,0,0.00000000,0.00000000,0
2025-08-02 12:00:00,0.1587,0.1587,0.1576,0.1576,327.90000000,1754150399999,51.91264000,3,0.00000000,0.00000000,0
2025-08-02 16:00:00,0.155,0.155,0.1523,0.1523,5215.50000000,1754164799999,795.99303000,2,0.00000000,0.00000000,0
2025-08-02 20:00:00,0.1562,0.1562,0.1535,0.1535,716.20000000,1754179199999,110.10464000,2,62.20000000,9.71564000,0
2025-08-03 00:00:00,0.1535,0.1535,0.1535,0.1535,0.00000000,1754193599999,0.00000000,0,0.00000000,0.00000000,0
2025-08-03 04:00:00,0.1535,0.1535,0.1535,0.1535,0.00000000,1754207999999,0.00000000,0,0.00000000,0.00000000,0
2025-08-03 08:00:00,0.1591,0.1591,0.1591,0.1591,7.00000000,1754222399999,1.11370000,1,0.00000000,0.00000000,0
2025-08-03 12:00:00,0.1591,0.1591,0.1591,0.1591,0.00000000,1754236799999,0.00000000,0,0.00000000,0.00000000,0
2025-08-03 16:00:00,0.1591,0.1591,0.1591,0.1591,0.00000000,1754251199999,0.00000000,0,0.00000000,0.00000000,0
2025-08-03 20:00:00,0.1583,0.1583,0.1583,0.1583,160.50000000,1754265599999,25.40715000,1,0.00000000,0.00000000,0
2025-08-04 00:00:00,0.1583,0.1583,0.1583,0.1583,0.00000000,1754279999999,0.00000000,0,0.00000000,0.00000000,0
2025-08-04 04:00:00,0.1583,0.1583,0.1583,0.1583,0.00000000,1754294399999,0.00000000,0,0.00000000,0.00000000,0
2025-08-04 08:00:00,0.1589,0.1589,0.1589,0.1589,28.40000000,1754308799999,4.51276000,1,0.00000000,0.00000000,0
2025-08-04 12:00:00,0.1589,0.1589,0.1589,0.1589,0.00000000,1754323199999,0.00000000,0,0.00000000,0.00000000,0
2025-08-04 16:00:00,0.165,0.165,0.1611,0.1611,1013.10000000,1754337599999,166.18299000,2,762.20000000,125.76300000,0
2025-08-04 20:00:00,0.1611,0.1611,0.1611,0.1611,0.00000000,1754351999999,0.00000000,0,0.00000000,0.00000000,0
2025-08-05 00:00:00,0.1641,0.1641,0.1641,0.1641,455.90000000,1754366399999,74.81319000,1,455.90000000,74.81319000,0
2025-08-05 04:00:00,0.161,0.161,0.161,0.161,30.00000000,1754380799999,4.83000000,1,30.00000000,4.83000000,0
2025-08-05 08:00:00,0.161,0.161,0.161,0.161,0.00000000,1754395199999,0.00000000,0,0.00000000,0.00000000,0
2025-08-05 12:00:00,0.1563,0.1595,0.1563,0.1595,61.10000000,1754409599999,9.60977000,2,18.70000000,2.98265000,0
2025-08-05 16:00:00,0.1595,0.1595,0.1595,0.1595,0.00000000,1754423999999,0.00000000,0,0.00000000,0.00000000,0
2025-08-05 20:00:00,0.1595,0.1595,0.1595,0.1595,0.00000000,1754438399999,0.00000000,0,0.00000000,0.00000000,0
2025-08-06 00:00:00,0.1595,0.1595,0.1595,0.1595,0.00000000,1754452799999,0.00000000,0,0.00000000,0.00000000,0
2025-08-06 04:00:00,0.1595,0.1595,0.1595,0.1595,0.00000000,1754467199999,0.00000000,0,0.00000000,0.00000000,0
2025-08-06 08:00:00,0.155,0.155,0.155,0.155,8138.40000000,1754481599999,1261.45200000,1,8138.40000000,1261.45200000,0
2025-08-06 12:00:00,0.155,0.155,0.155,0.155,0.00000000,1754495999999,0.00000000,0,0.00000000,0.00000000,0
2025-08-06 16:00:00,0.155,0.155,0.155,0.155,0.00000000,1754510399999,0.00000000,0,0.00000000,0.00000000,0
2025-08-06 20:00:00,0.1617,0.1617,0.1607,0.1611,2430.40000000,1754524799999,391.28612000,3,0.00000000,0.00000000,0
2025-08-07 00:00:00,0.1625,0.1625,0.1625,0.1625,613.70000000,1754539199999,99.72625000,1,613.70000000,99.72625000,0
2025-08-07 04:00:00,0.1625,0.1625,0.1625,0.1625,0.00000000,1754553599999,0.00000000,0,0.00000000,0.00000000,0
2025-08-07 08:00:00,0.1625,0.1625,0.1625,0.1625,0.00000000,1754567999999,0.00000000,0,0.00000000,0.00000000,0
2025-08-07 12:00:00,0.1625,0.1625,0.1625,0.1625,0.00000000,1754582399999,0.00000000,0,0.00000000,0.00000000,0
2025-08-07 16:00:00,0.1593,0.1593,0.1593,0.1593,237.70000000,1754596799999,37.86561000,1,237.70000000,37.86561000,0
2025-08-07 20:00:00,0.163,0.1661,0.1619,0.1661,311.50000000,1754611199999,50.66700000,3,78.50000000,12.94430000,0
2025-08-08 00:00:00,0.1652,0.1652,0.1652,0.1652,42.30000000,1754625599999,6.98796000,1,42.30000000,6.98796000,0
2025-08-08 04:00:00,0.1652,0.1652,0.1652,0.1652,0.00000000,1754639999999,0.00000000,0,0.00000000,0.00000000,0
2025-08-08 08:00:00,0.1652,0.1652,0.1652,0.1652,0.00000000,1754654399999,0.00000000,0,0.00000000,0.00000000,0
2025-08-08 12:00:00,0.1652,0.1652,0.1652,0.1652,0.00000000,1754668799999,0.00000000,0,0.00000000,0.00000000,0
2025-08-08 16:00:00,0.1658,0.17,0.1658,0.17,115.00000000,1754683199999,19.35554000,3,96.90000000,16.35456000,0
2025-08-08 20:00:00,0.17,0.17,0.17,0.17,0.00000000,1754697599999,0.00000000,0,0.00000000,0.00000000,0
2025-08-09 00:00:00,0.17,0.17,0.17,0.17,0.00000000,1754711999999,0.00000000,0,0.00000000,0.00000000,0
2025-08-09 04:00:00,0.17,0.17,0.17,0.17,0.00000000,1754726399999,0.00000000,0,0.00000000,0.00000000,0
2025-08-09 08:00:00,0.186,0.1894,0.186,0.1894,4657.10000000,1754740799999,866.28826000,2,4637.20000000,862.51920000,0
2025-08-09 12:00:00,0.1894,0.1894,0.1894,0.1894,0.00000000,1754755199999,0.00000000,0,0.00000000,0.00000000,0
2025-08-09 16:00:00,0.1894,0.1894,0.1894,0.1894,39.00000000,1754769599999,7.38660000,2,0.00000000,0.00000000,0
2025-08-09 20:00:00,0.1826,0.1826,0.1826,0.1826,250.00000000,1754783999999,45.65000000,1,0.00000000,0.00000000,0
2025-08-10 00:00:00,0.1817,0.1835,0.1815,0.1835,232.00000000,1754798399999,42.33040000,3,110.00000000,19.96500000,0
2025-08-10 04:00:00,0.1859,0.186,0.1857,0.1857,144.90000000,1754812799999,26.93156000,3,91.30000000,16.97804000,0
2025-08-10 08:00:00,0.1774,0.1774,0.1774,0.1774,94.90000000,1754827199999,16.83526000,1,0.00000000,0.00000000,0
2025-08-10 12:00:00,0.1764,0.177,0.1764,0.177,623.10000000,1754841599999,110.25498000,2,56.20000000,9.91368000,0
2025-08-10 16:00:00,0.1805,0.1805,0.1805,0.1805,122.50000000,1754855999999,22.11125000,1,0.00000000,0.00000000,0
2025-08-10 20:00:00,0.1855,0.1855,0.1817,0.1817,273.80000000,1754870399999,50.76938000,2,273.80000000,50.76938000,0
2025-08-11 00:00:00,0.1807,0.1807,0.1807,0.1807,55.90000000,1754884799999,10.10113000,1,0.00000000,0.00000000,0
2025-08-11 04:00:00,0.1807,0.1807,0.1807,0.1807,0.00000000,1754899199999,0.00000000,0,0.00000000,0.00000000,0
2025-08-11 08:00:00,0.1807,0.1807,0.1807,0.1807,0.00000000,1754913599999,0.00000000,0,0.00000000,0.00000000,0
2025-08-11 12:00:00,0.1807,0.1807,0.1807,0.1807,0.00000000,1754927999999,0.00000000,0,0.00000000,0.00000000,0
2025-08-11 16:00:00,0.1807,0.1807,0.1807,0.1807,0.00000000,1754942399999,0.00000000,0,0.00000000,0.00000000,0
2025-08-11 20:00:00,0.1807,0.1807,0.1807,0.1807,0.00000000,1754956799999,0.00000000,0,0.00000000,0.00000000,0
2025-08-12 00:00:00,0.1807,0.1807,0.1807,0.1807,0.00000000,1754971199999,0.00000000,0,0.00000000,0.00000000,0
2025-08-12 04:00:00,0.1776,0.1776,0.1753,0.1753,223.30000000,1754985599999,39.38967000,4,111.90000000,19.83375000,0
2025-08-12 08:00:00,0.1753,0.1753,0.1753,0.1753,0.00000000,1754999999999,0.00000000,0,0.00000000,0.00000000,0
2025-08-12 12:00:00,0.1753,0.1753,0.1753,0.1753,0.00000000,1755014399999,0.00000000,0,0.00000000,0.00000000,0
2025-08-12 16:00:00,0.1782,0.1794,0.1777,0.1794,2350.50000000,1755028799999,418.53199000,3,1062.70000000,188.84179000,0
2025-08-12 20:00:00,0.1794,0.1794,0.1794,0.1794,0.00000000,1755043199999,0.00000000,0,0.00000000,0.00000000,0
2025-08-13 00:00:00,0.1779,0.1846,0.1779,0.1846,3452.50000000,1755057599999,626.93291000,7,108.20000000,19.97372000,0
2025-08-13 04:00:00,0.1846,0.1846,0.1846,0.1846,0.00000000,1755071999999,0.00000000,0,0.00000000,0.00000000,0
2025-08-13 08:00:00,0.1846,0.1846,0.1846,0.1846,0.00000000,1755086399999,0.00000000,0,0.00000000,0.00000000,0
2025-08-13 12:00:00,0.1808,0.1808,0.1808,0.1808,84.90000000,1755100799999,15.34992000,1,0.00000000,0.00000000,0
2025-08-13 16:00:00,0.1808,0.1808,0.1808,0.1808,0.00000000,1755115199999,0.00000000,0,0.00000000,0.00000000,0
2025-08-13 20:00:00,0.1808,0.1808,0.1808,0.1808,0.00000000,1755129599999,0.00000000,0,0.00000000,0.00000000,0
2025-08-14 00:00:00,0.1826,0.1826,0.1826,0.1826,107.50000000,1755143999999,19.62950000,1,0.00000000,0.00000000,0
2025-08-14 04:00:00,0.1868,0.1871,0.1801,0.1827,721.80000000,1755158399999,134.54807000,56,620.80000000,116.07039000,0
2025-08-14 08:00:00,0.1797,0.1797,0.1765,0.1765,52.50000000,1755172799999,9.34988000,4,0.00000000,0.00000000,0
2025-08-14 12:00:00,0.1754,0.1754,0.1521,0.1642,38214.20000000,1755187199999,6071.73119000,56,35068.80000000,5583.84830000,0
2025-08-14 16:00:00,0.1613,0.1613,0.1585,0.1585,58.50000000,1755201599999,9.35382000,4,0.00000000,0.00000000,0
2025-08-14 20:00:00,0.1606,0.1606,0.1591,0.1591,3255.00000000,1755215999999,517.91700000,2,3255.00000000,517.91700000,0
2025-08-15 00:00:00,0.1612,0.1642,0.1603,0.1642,3611.60000000,1755230399999,581.40709000,11,58.20000000,9.47030000,0
2025-08-15 04:00:00,0.1652,0.1682,0.1652,0.1682,56.80000000,1755244799999,9.46816000,4,56.80000000,9.46816000,0
2025-08-15 08:00:00,0.1653,0.1653,0.1634,0.1642,127.60000000,1755259199999,20.93605000,4,0.00000000,0.00000000,0
2025-08-15 12:00:00,0.1633,0.1633,0.1604,0.1604,57.80000000,1755273599999,9.35300000,4,0.00000000,0.00000000,0
2025-08-15 16:00:00,0.1604,0.1604,0.1604,0.1604,0.00000000,1755287999999,0.00000000,0,0.00000000,0.00000000,0
2025-08-15 20:00:00,0.1604,0.1604,0.1604,0.1604,0.00000000,1755302399999,0.00000000,0,0.00000000,0.00000000,0
2025-08-16 00:00:00,0.1604,0.1604,0.1604,0.1604,0.00000000,1755316799999,0.00000000,0,0.00000000,0.00000000,0
2025-08-16 04:00:00,0.1604,0.1604,0.1604,0.1604,0.00000000,1755331199999,0.00000000,0,0.00000000,0.00000000,0
2025-08-16 08:00:00,0.1604,0.1604,0.1604,0.1604,0.00000000,1755345599999,0.00000000,0,0.00000000,0.00000000,0
2025-08-16 12:00:00,0.1614,0.1632,0.1607,0.1609,1404.10000000,1755359999999,227.10470000,24,325.30000000,53.03390000,0
2025-08-16 16:00:00,0.1609,0.1609,0.1609,0.1609,0.00000000,1755374399999,0.00000000,0,0.00000000,0.00000000,0
2025-08-16 20:00:00,0.1609,0.1609,0.1609,0.1609,0.00000000,1755388799999,0.00000000,0,0.00000000,0.00000000,0
2025-08-17 00:00:00,0.1629,0.1632,0.1629,0.1632,1264.30000000,1755403199999,205.96464000,3,1264.30000000,205.96464000,0
2025-08-17 04:00:00,0.1634,0.1637,0.1634,0.1637,50.80000000,1755417599999,8.30834000,2,50.80000000,8.30834000,0
2025-08-17 08:00:00,0.1639,0.1641,0.1635,0.1635,56.80000000,1755431999999,9.31210000,3,50.60000000,8.29840000,0
2025-08-17 12:00:00,0.1644,0.1657,0.1644,0.1657,150.70000000,1755446399999,24.86279000,6,150.70000000,24.86279000,0
2025-08-17 16:00:00,0.1659,0.168,0.1634,0.1634,991.50000000,1755460799999,163.73507000,26,248.20000000,41.43881000,0
2025-08-17 20:00:00,0.164,0.164,0.164,0.164,100.00000000,1755475199999,16.40000000,1,100.00000000,16.40000000,0
2025-08-18 00:00:00,0.1538,0.1538,0.1532,0.1532,1909.80000000,1755489599999,292.74810000,2,0.00000000,0.00000000,0
2025-08-18 04:00:00,0.1532,0.1532,0.1532,0.1532,0.00000000,1755503999999,0.00000000,0,0.00000000,0.00000000,0
2025-08-18 08:00:00,0.1532,0.1532,0.1532,0.1532,0.00000000,1755518399999,0.00000000,0,0.00000000,0.00000000,0
2025-08-18 12:00:00,0.1526,0.154,0.1526,0.1536,104618.30000000,1755532799999,16027.81029000,67,4226.00000000,646.60339000,0
2025-08-18 16:00:00,0.1536,0.1536,0.1536,0.1536,0.00000000,1755547199999,0.00000000,0,0.00000000,0.00000000,0
2025-08-18 20:00:00,0.1552,0.156,0.1552,0.1553,96.20000000,1755561599999,14.94577000,3,96.20000000,14.94577000,0
2025-08-19 00:00:00,0.1542,0.1553,0.1536,0.1536,88897.10000000,1755575999999,13805.53960000,10,152.50000000,23.59047000,0
2025-08-19 04:00:00,0.15,0.15,0.1464,0.1464,2051.80000000,1755590399999,301.62414000,5,43.80000000,6.49554000,0
2025-08-19 08:00:00,0.1491,0.152,0.1491,0.152,400.60000000,1755604799999,60.10965000,2,131.10000000,19.92720000,0
2025-08-19 12:00:00,0.152,0.152,0.152,0.152,0.00000000,1755619199999,0.00000000,0,0.00000000,0.00000000,0
2025-08-19 16:00:00,0.152,0.152,0.152,0.152,0.00000000,1755633599999,0.00000000,0,0.00000000,0.00000000,0
2025-08-19 20:00:00,0.1483,0.1483,0.1483,0.1483,455.10000000,1755647999999,67.49133000,1,455.10000000,67.49133000,0
2025-08-20 00:00:00,0.1483,0.1483,0.1483,0.1483,0.00000000,1755662399999,0.00000000,0,0.00000000,0.00000000,0
2025-08-20 04:00:00,0.1483,0.1483,0.1483,0.1483,0.00000000,1755676799999,0.00000000,0,0.00000000,0.00000000,0
2025-08-20 08:00:00,0.1487,0.1487,0.1487,0.1487,361.70000000,1755691199999,53.78479000,1,0.00000000,0.00000000,0
2025-08-20 12:00:00,0.1487,0.1487,0.1487,0.1487,0.00000000,1755705599999,0.00000000,0,0.00000000,0.00000000,0
2025-08-20 16:00:00,0.1487,0.1487,0.1487,0.1487,0.00000000,1755719999999,0.00000000,0,0.00000000,0.00000000,0
2025-08-20 20:00:00,0.1511,0.1511,0.1511,0.1511,386.60000000,1755734399999,58.41526000,1,0.00000000,0.00000000,0
2025-08-21 00:00:00,0.1526,0.1526,0.1526,0.1526,65.50000000,1755748799999,9.99530000,1,65.50000000,9.99530000,0
2025-08-21 04:00:00,0.1526,0.1526,0.1526,0.1526,0.00000000,1755763199999,0.00000000,0,0.00000000,0.00000000,0
2025-08-21 08:00:00,0.1487,0.1487,0.1487,0.1487,672.70000000,1755777599999,100.03049000,1,672.70000000,100.03049000,0
2025-08-21 12:00:00,0.1467,0.1478,0.1467,0.1478,474.90000000,1755791999999,69.69258000,2,0.00000000,0.00000000,0
2025-08-21 16:00:00,0.1483,0.1483,0.1483,0.1483,2976.40000000,1755806399999,441.40012000,1,2976.40000000,441.40012000,0
2025-08-21 20:00:00,0.1468,0.1468,0.1468,0.1468,34.00000000,1755820799999,4.99120000,1,34.00000000,4.99120000,0
2025-08-22 00:00:00,0.1468,0.1468,0.1468,0.1468,0.00000000,1755835199999,0.00000000,0,0.00000000,0.00000000,0
2025-08-22 04:00:00,0.1468,0.1468,0.1468,0.1468,0.00000000,1755849599999,0.00000000,0,0.00000000,0.00000000,0
2025-08-22 08:00:00,0.1468,0.1468,0.1468,0.1468,0.00000000,1755863999999,0.00000000,0,0.00000000,0.00000000,0
2025-08-22 12:00:00,0.1506,0.1529,0.1506,0.1529,1087.90000000,1755878399999,164.94579000,4,640.60000000,97.17902000,0
2025-08-22 16:00:00,0.1542,0.1574,0.1542,0.1574,965.30000000,1755892799999,149.90078000,2,0.00000000,0.00000000,0
2025-08-22 20:00:00,0.1574,0.1574,0.1574,0.1574,0.00000000,1755907199999,0.00000000,0,0.00000000,0.00000000,0
2025-08-23 00:00:00,0.1574,0.1574,0.1574,0.1574,0.00000000,1755921599999,0.00000000,0,0.00000000,0.00000000,0
2025-08-23 04:00:00,0.1574,0.1574,0.1574,0.1574,0.00000000,1755935999999,0.00000000,0,0.00000000,0.00000000,0
2025-08-23 08:00:00,0.1585,0.1585,0.1585,0.1585,43.90000000,1755950399999,6.95815000,1,0.00000000,0.00000000,0
2025-08-23 12:00:00,0.1584,0.1584,0.1584,0.1584,315.60000000,1755964799999,49.99104000,1,0.00000000,0.00000000,0
2025-08-23 16:00:00,0.1584,0.1584,0.1584,0.1584,0.00000000,1755979199999,0.00000000,0,0.00000000,0.00000000,0
2025-08-23 20:00:00,0.1595,0.1595,0.1595,0.1595,93.80000000,1755993599999,14.96110000,1,93.80000000,14.96110000,0
2025-08-24 00:00:00,0.157,0.157,0.157,0.157,315.60000000,1756007999999,49.54920000,1,0.00000000,0.00000000,0
2025-08-24 04:00:00,0.1562,0.1562,0.1562,0.1562,416.20000000,1756022399999,65.01044000,1,0.00000000,0.00000000,0
2025-08-24 08:00:00,0.1562,0.1562,0.1562,0.1562,0.00000000,1756036799999,0.00000000,0,0.00000000,0.00000000,0
2025-08-24 12:00:00,0.1562,0.1562,0.1562,0.1562,0.00000000,1756051199999,0.00000000,0,0.00000000,0.00000000,0
2025-08-24 16:00:00,0.1534,0.1535,0.1534,0.1535,6990.40000000,1756065599999,1072.66237000,2,6990.40000000,1072.66237000,0
2025-08-24 20:00:00,0.1535,0.1535,0.1535,0.1535,0.00000000,1756079999999,0.00000000,0,0.00000000,0.00000000,0
2025-08-25 00:00:00,0.1535,0.1535,0.1535,0.1535,0.00000000,1756094399999,0.00000000,0,0.00000000,0.00000000,0
2025-08-25 04:00:00,0.1535,0.1535,0.1535,0.1535,0.00000000,1756108799999,0.00000000,0,0.00000000,0.00000000,0
2025-08-25 08:00:00,0.1535,0.1535,0.1535,0.1535,0.00000000,1756123199999,0.00000000,0,0.00000000,0.00000000,0
2025-08-25 12:00:00,0.1535,0.1535,0.1535,0.1535,0.00000000,1756137599999,0.00000000,0,0.00000000,0.00000000,0
2025-08-25 16:00:00,0.1535,0.1535,0.1535,0.1535,0.00000000,1756151999999,0.00000000,0,0.00000000,0.00000000,0
2025-08-25 20:00:00,0.1332,0.1332,0.1332,0.1332,1876.90000000,1756166399999,250.00308000,1,0.00000000,0.00000000,0
2025-08-26 00:00:00,0.1332,0.1332,0.1332,0.1332,0.00000000,1756180799999,0.00000000,0,0.00000000,0.00000000,0
2025-08-26 04:00:00,0.1332,0.1332,0.1332,0.1332,0.00000000,1756195199999,0.00000000,0,0.00000000,0.00000000,0
2025-08-26 08:00:00,0.1398,0.1398,0.1398,0.1398,26.80000000,1756209599999,3.74664000,1,0.00000000,0.00000000,0
2025-08-26 12:00:00,0.141,0.141,0.1405,0.1405,508.70000000,1756223999999,71.68465000,2,508.70000000,71.68465000,0
2025-08-26 16:00:00,0.1415,0.1415,0.1415,0.1415,35.20000000,1756238399999,4.98080000,1,35.20000000,4.98080000,0
2025-08-26 20:00:00,0.1422,0.1422,0.1422,0.1422,15.20000000,1756252799999,2.16144000,1,0.00000000,0.00000000,0
2025-08-27 00:00:00,0.1422,0.1422,0.1422,0.1422,0.00000000,1756267199999,0.00000000,0,0.00000000,0.00000000,0
2025-08-27 04:00:00,0.1422,0.1422,0.1422,0.1422,0.00000000,1756281599999,0.00000000,0,0.00000000,0.00000000,0
2025-08-27 08:00:00,0.1422,0.1422,0.1422,0.1422,0.00000000,1756295999999,0.00000000,0,0.00000000,0.00000000,0
2025-08-27 12:00:00,0.1422,0.1422,0.1422,0.1422,0.00000000,1756310399999,0.00000000,0,0.00000000,0.00000000,0
2025-08-27 16:00:00,0.1422,0.1422,0.1422,0.1422,0.00000000,1756324799999,0.00000000,0,0.00000000,0.00000000,0
2025-08-27 20:00:00,0.1422,0.1422,0.1422,0.1422,0.00000000,1756339199999,0.00000000,0,0.00000000,0.00000000,0
2025-08-28 00:00:00,0.1403,0.1414,0.1403,0.1414,354.50000000,1756353599999,49.87060000,3,354.50000000,49.87060000,0
2025-08-28 04:00:00,0.1414,0.1414,0.1414,0.1414,0.00000000,1756367999999,0.00000000,0,0.00000000,0.00000000,0
2025-08-28 08:00:00,0.1419,0.1419,0.1419,0.1419,17.60000000,1756382399999,2.49744000,1,0.00000000,0.00000000,0
2025-08-28 12:00:00,0.1425,0.1434,0.1425,0.1434,419.20000000,1756396799999,59.80773000,2,0.00000000,0.00000000,0
2025-08-28 16:00:00,0.1434,0.1434,0.1434,0.1434,0.00000000,1756411199999,0.00000000,0,0.00000000,0.00000000,0
2025-08-28 20:00:00,0.1415,0.1415,0.1415,0.1415,35.20000000,1756425599999,4.98080000,1,35.20000000,4.98080000,0
2025-08-29 00:00:00,0.1415,0.1415,0.1415,0.1415,0.00000000,1756439999999,0.00000000,0,0.00000000,0.00000000,0
2025-08-29 04:00:00,0.1415,0.1415,0.1415,0.1415,0.00000000,1756454399999,0.00000000,0,0.00000000,0.00000000,0
2025-08-29 08:00:00,0.1415,0.1415,0.1415,0.1415,0.00000000,1756468799999,0.00000000,0,0.00000000,0.00000000,0
2025-08-29 12:00:00,0.1415,0.1415,0.1415,0.1415,0.00000000,1756483199999,0.00000000,0,0.00000000,0.00000000,0
2025-08-29 16:00:00,0.1415,0.1415,0.1415,0.1415,0.00000000,1756497599999,0.00000000,0,0.00000000,0.00000000,0
2025-08-29 20:00:00,0.1415,0.1415,0.1415,0.1415,0.00000000,1756511999999,0.00000000,0,0.00000000,0.00000000,0
2025-08-30 00:00:00,0.137,0.137,0.137,0.137,246.90000000,1756526399999,33.82530000,1,246.90000000,33.82530000,0
2025-08-30 04:00:00,0.137,0.137,0.137,0.137,0.00000000,1756540799999,0.00000000,0,0.00000000,0.00000000,0
2025-08-30 08:00:00,0.137,0.137,0.137,0.137,0.00000000,1756555199999,0.00000000,0,0.00000000,0.00000000,0
2025-08-30 12:00:00,0.137,0.137,0.137,0.137,0.00000000,1756569599999,0.00000000,0,0.00000000,0.00000000,0
2025-08-30 16:00:00,0.137,0.137,0.137,0.137,0.00000000,1756583999999,0.00000000,0,0.00000000,0.00000000,0
2025-08-30 20:00:00,0.137,0.137,0.137,0.137,0.00000000,1756598399999,0.00000000,0,0.00000000,0.00000000,0
2025-08-31 00:00:00,0.137,0.137,0.137,0.137,0.00000000,1756612799999,0.00000000,0,0.00000000,0.00000000,0
2025-08-31 04:00:00,0.137,0.137,0.137,0.137,0.00000000,1756627199999,0.00000000,0,0.00000000,0.00000000,0
2025-08-31 08:00:00,0.1392,0.1392,0.1392,0.1392,11.90000000,1756641599999,1.65648000,1,0.00000000,0.00000000,0
2025-08-31 12:00:00,0.1392,0.1392,0.1392,0.1392,0.00000000,1756655999999,0.00000000,0,0.00000000,0.00000000,0
2025-08-31 16:00:00,0.1392,0.1392,0.1392,0.1392,0.00000000,1756670399999,0.00000000,0,0.00000000,0.00000000,0
2025-08-31 20:00:00,0.1376,0.1376,0.1376,0.1376,19.90000000,1756684799999,2.73824000,1,0.00000000,0.00000000,0
2025-09-01 00:00:00,0.1307,0.1307,0.1307,0.1307,127.20000000,1756699199999,16.62504000,1,0.00000000,0.00000000,0
2025-09-01 04:00:00,0.1307,0.1307,0.1307,0.1307,0.00000000,1756713599999,0.00000000,0,0.00000000,0.00000000,0
2025-09-01 08:00:00,0.1307,0.1307,0.1307,0.1307,0.00000000,1756727999999,0.00000000,0,0.00000000,0.00000000,0
2025-09-01 12:00:00,0.1287,0.1287,0.1287,0.1287,47.70000000,1756742399999,6.13899000,1,0.00000000,0.00000000,0
2025-09-01 16:00:00,0.1287,0.1287,0.1287,0.1287,0.00000000,1756756799999,0.00000000,0,0.00000000,0.00000000,0
2025-09-01 20:00:00,0.1287,0.1287,0.1287,0.1287,0.00000000,1756771199999,0.00000000,0,0.00000000,0.00000000,0
2025-09-02 00:00:00,0.1284,0.1284,0.1284,0.1284,399.10000000,1756785599999,51.24444000,1,399.10000000,51.24444000,0
2025-09-02 04:00:00,0.1284,0.1284,0.1284,0.1284,0.00000000,1756799999999,0.00000000,0,0.00000000,0.00000000,0
2025-09-02 08:00:00,0.1284,0.1284,0.1284,0.1284,0.00000000,1756814399999,0.00000000,0,0.00000000,0.00000000,0
2025-09-02 12:00:00,0.1284,0.1284,0.1284,0.1284,0.00000000,1756828799999,0.00000000,0,0.00000000,0.00000000,0
2025-09-02 16:00:00,0.1284,0.1284,0.1284,0.1284,0.00000000,1756843199999,0.00000000,0,0.00000000,0.00000000,0
2025-09-02 20:00:00,0.1284,0.1284,0.1284,0.1284,0.00000000,1756857599999,0.00000000,0,0.00000000,0.00000000,0
2025-09-03 00:00:00,0.132,0.132,0.132,0.132,396.70000000,1756871999999,52.36440000,1,0.00000000,0.00000000,0
2025-09-03 04:00:00,0.132,0.132,0.132,0.132,0.00000000,1756886399999,0.00000000,0,0.00000000,0.00000000,0
2025-09-03 08:00:00,0.1315,0.1315,0.1315,0.1315,14.20000000,1756900799999,1.86730000,1,0.00000000,0.00000000,0
2025-09-03 12:00:00,0.1315,0.1315,0.1315,0.1315,0.00000000,1756915199999,0.00000000,0,0.00000000,0.00000000,0
2025-09-03 16:00:00,0.1315,0.1315,0.1315,0.1315,0.00000000,1756929599999,0.00000000,0,0.00000000,0.00000000,0
2025-09-03 20:00:00,0.1315,0.1315,0.1315,0.1315,0.00000000,1756943999999,0.00000000,0,0.00000000,0.00000000,0
2025-09-04 00:00:00,0.1315,0.1315,0.1315,0.1315,0.00000000,1756958399999,0.00000000,0,0.00000000,0.00000000,0
2025-09-04 04:00:00,0.1315,0.1315,0.1315,0.1315,0.00000000,1756972799999,0.00000000,0,0.00000000,0.00000000,0
2025-09-04 08:00:00,0.1315,0.1315,0.1315,0.1315,0.00000000,1756987199999,0.00000000,0,0.00000000,0.00000000,0
2025-09-04 12:00:00,0.1315,0.1315,0.1315,0.1315,0.00000000,1757001599999,0.00000000,0,0.00000000,0.00000000,0
2025-09-04 16:00:00,0.1315,0.1315,0.1315,0.1315,0.00000000,1757015999999,0.00000000,0,0.00000000,0.00000000,0
2025-09-04 20:00:00,0.1274,0.1274,0.1274,0.1274,39.10000000,1757030399999,4.98134000,1,39.10000000,4.98134000,0
2025-09-05 00:00:00,0.1274,0.1274,0.1274,0.1274,0.00000000,1757044799999,0.00000000,0,0.00000000,0.00000000,0
2025-09-05 04:00:00,0.1274,0.1274,0.1274,0.1274,0.00000000,1757059199999,0.00000000,0,0.00000000,0.00000000,0
2025-09-05 08:00:00,0.1274,0.1274,0.1274,0.1274,0.00000000,1757073599999,0.00000000,0,0.00000000,0.00000000,0
2025-09-05 12:00:00,0.1285,0.1298,0.1285,0.1295,44054.10000000,1757087999999,5664.70045000,7,40831.30000000,5246.91735000,0
2025-09-05 16:00:00,0.1298,0.13,0.1295,0.1295,3932.40000000,1757102399999,510.70050000,4,0.00000000,0.00000000,0
2025-09-05 20:00:00,0.1295,0.1295,0.1295,0.1295,0.00000000,1757116799999,0.00000000,0,0.00000000,0.00000000,0
2025-09-06 00:00:00,0.1295,0.1295,0.1295,0.1295,0.00000000,1757131199999,0.00000000,0,0.00000000,0.00000000,0
2025-09-06 04:00:00,0.1295,0.1295,0.1295,0.1295,0.00000000,1757145599999,0.00000000,0,0.00000000,0.00000000,0
2025-09-06 08:00:00,0.1295,0.1295,0.1295,0.1295,0.00000000,1757159999999,0.00000000,0,0.00000000,0.00000000,0
2025-09-06 12:00:00,0.1312,0.1312,0.1312,0.1312,30.70000000,1757174399999,4.02784000,1,30.70000000,4.02784000,0
2025-09-06 16:00:00,0.1312,0.1312,0.1312,0.1312,0.00000000,1757188799999,0.00000000,0,0.00000000,0.00000000,0
2025-09-06 20:00:00,0.1312,0.1312,0.1312,0.1312,0.00000000,1757203199999,0.00000000,0,0.00000000,0.00000000,0
2025-09-07 00:00:00,0.1312,0.1312,0.1312,0.1312,0.00000000,1757217599999,0.00000000,0,0.00000000,0.00000000,0
2025-09-07 04:00:00,0.1312,0.1312,0.1312,0.1312,0.00000000,1757231999999,0.00000000,0,0.00000000,0.00000000,0
2025-09-07 08:00:00,0.1312,0.1312,0.1312,0.1312,0.00000000,1757246399999,0.00000000,0,0.00000000,0.00000000,0
2025-09-07 12:00:00,0.1312,0.1312,0.1312,0.1312,0.00000000,1757260799999,0.00000000,0,0.00000000,0.00000000,0
2025-09-07 16:00:00,0.1312,0.1312,0.1312,0.1312,0.00000000,1757275199999,0.00000000,0,0.00000000,0.00000000,0
2025-09-07 20:00:00,0.1312,0.1312,0.1312,0.1312,0.00000000,1757289599999,0.00000000,0,0.00000000,0.00000000,0
2025-09-08 00:00:00,0.1312,0.1312,0.1312,0.1312,0.00000000,1757303999999,0.00000000,0,0.00000000,0.00000000,0
2025-09-08 04:00:00,0.1312,0.1312,0.1312,0.1312,0.00000000,1757318399999,0.00000000,0,0.00000000,0.00000000,0
2025-09-08 08:00:00,0.1312,0.1312,0.1312,0.1312,0.00000000,1757332799999,0.00000000,0,0.00000000,0.00000000,0
2025-09-08 12:00:00,0.1312,0.1312,0.1312,0.1312,0.00000000,1757347199999,0.00000000,0,0.00000000,0.00000000,0
2025-09-08 16:00:00,0.1312,0.1312,0.1312,0.1312,0.00000000,1757361599999,0.00000000,0,0.00000000,0.00000000,0
2025-09-08 20:00:00,0.1312,0.1312,0.1312,0.1312,0.00000000,1757375999999,0.00000000,0,0.00000000,0.00000000,0
2025-09-09 00:00:00,0.1312,0.1312,0.1312,0.1312,0.00000000,1757390399999,0.00000000,0,0.00000000,0.00000000,0
2025-09-09 04:00:00,0.1312,0.1312,0.1312,0.1312,0.00000000,1757404799999,0.00000000,0,0.00000000,0.00000000,0
2025-09-09 08:00:00,0.1312,0.1312,0.1312,0.1312,0.00000000,1757419199999,0.00000000,0,0.00000000,0.00000000,0
2025-09-09 12:00:00,0.1312,0.1312,0.1312,0.1312,0.00000000,1757433599999,0.00000000,0,0.00000000,0.00000000,0
2025-09-09 16:00:00,0.1312,0.1312,0.1312,0.1312,0.00000000,1757447999999,0.00000000,0,0.00000000,0.00000000,0
2025-09-09 20:00:00,0.1431,0.1438,0.141,0.1425,32360.20000000,1757462399999,4598.95106000,5,6942.60000000,995.10572000,0
2025-09-10 00:00:00,0.1425,0.1425,0.1425,0.1425,0.00000000,1757476799999,0.00000000,0,0.00000000,0.00000000,0
2025-09-10 04:00:00,0.1425,0.1425,0.1425,0.1425,0.00000000,1757491199999,0.00000000,0,0.00000000,0.00000000,0
2025-09-10 08:00:00,0.1428,0.1428,0.1428,0.1428,62.70000000,1757505599999,8.95356000,1,0.00000000,0.00000000,0
2025-09-10 12:00:00,0.1466,0.1466,0.1466,0.1466,28.60000000,1757519999999,4.19276000,1,0.00000000,0.00000000,0
2025-09-10 16:00:00,0.147,0.147,0.147,0.147,20463.80000000,1757534399999,3008.17860000,2,0.00000000,0.00000000,0
2025-09-10 20:00:00,0.147,0.147,0.147,0.147,0.00000000,1757548799999,0.00000000,0,0.00000000,0.00000000,0
2025-09-11 00:00:00,0.147,0.147,0.147,0.147,0.00000000,1757563199999,0.00000000,0,0.00000000,0.00000000,0
2025-09-11 04:00:00,0.147,0.147,0.147,0.147,0.00000000,1757577599999,0.00000000,0,0.00000000,0.00000000,0
2025-09-11 08:00:00,0.1456,0.1456,0.1456,0.1456,20.40000000,1757591999999,2.97024000,1,0.00000000,0.00000000,0
2025-09-11 12:00:00,0.1456,0.1456,0.1456,0.1456,0.00000000,1757606399999,0.00000000,0,0.00000000,0.00000000,0
2025-09-11 16:00:00,0.1456,0.1456,0.1456,0.1456,0.00000000,1757620799999,0.00000000,0,0.00000000,0.00000000,0
2025-09-11 20:00:00,0.1455,0.1455,0.1455,0.1455,34.30000000,1757635199999,4.99065000,1,34.30000000,4.99065000,0
2025-09-12 00:00:00,0.1455,0.1455,0.1455,0.1455,0.00000000,1757649599999,0.00000000,0,0.00000000,0.00000000,0
2025-09-12 04:00:00,0.1455,0.1455,0.1455,0.1455,0.00000000,1757663999999,0.00000000,0,0.00000000,0.00000000,0
2025-09-12 08:00:00,0.1455,0.1455,0.1455,0.1455,0.00000000,1757678399999,0.00000000,0,0.00000000,0.00000000,0
2025-09-12 12:00:00,0.1455,0.1455,0.1455,0.1455,0.00000000,1757692799999,0.00000000,0,0.00000000,0.00000000,0
2025-09-12 16:00:00,0.1615,0.193,0.1615,0.1804,174716.70000000,1757707199999,31740.10334000,87,97588.90000000,17451.03825000,0
2025-09-12 20:00:00,0.1787,0.184,0.1132,0.1831,94163.10000000,1757721599999,16649.13798000,70,36162.30000000,6234.73823000,0
2025-09-13 00:00:00,0.1814,0.218,0.1807,0.207,69962.20000000,1757735999999,14325.36490000,29,55988.40000000,11658.49737000,0
2025-09-13 04:00:00,0.207,0.2184,0.207,0.2184,520.50000000,1757750399999,110.07756000,5,520.50000000,110.07756000,0
2025-09-13 08:00:00,0.2189,0.2192,0.2189,0.2192,196.50000000,1757764799999,43.06575000,3,52.90000000,11.58863000,0
2025-09-13 12:00:00,0.2228,0.2248,0.2102,0.2174,14036.60000000,1757779199999,3066.84505000,31,3600.00000000,788.38962000,0
2025-09-13 16:00:00,0.2198,0.2258,0.1913,0.2258,15262.70000000,1757793599999,3321.68949000,40,4753.00000000,1044.60483000,0
2025-09-13 20:00:00,0.222,0.222,0.1913,0.2182,51207.70000000,1757807999999,11347.88225000,16,50534.90000000,11214.54774000,0
2025-09-14 00:00:00,0.22,0.2219,0.2176,0.2219,110295.00000000,1757822399999,24263.99879000,6,109693.00000000,24133.00359000,0
2025-09-14 04:00:00,0.2025,0.2025,0.2025,0.2025,24.70000000,1757836799999,5.00175000,1,0.00000000,0.00000000,0
2025-09-14 08:00:00,0.2076,0.2107,0.2076,0.2107,691.50000000,1757851199999,144.26615000,3,47.40000000,9.98718000,0
2025-09-14 12:00:00,0.2115,0.2115,0.2091,0.2095,1843.30000000,1757865599999,386.98653000,4,1389.40000000,290.98668000,0
2025-09-14 16:00:00,0.2179,0.2221,0.2157,0.2221,380.00000000,1757879999999,83.58104000,5,251.30000000,55.54157000,0
2025-09-14 20:00:00,0.2251,0.2251,0.2136,0.2136,1315.00000000,1757894399999,293.72984000,24,1011.80000000,227.55116000,0
2025-09-15 00:00:00,0.2113,0.2113,0.1914,0.1914,1734.90000000,1757908799999,344.50742000,15,0.00000000,0.00000000,0
2025-09-15 04:00:00,0.2092,0.2092,0.2077,0.2077,312.50000000,1757923199999,64.95245000,2,312.50000000,64.95245000,0
2025-09-15 08:00:00,0.1915,0.1936,0.1912,0.192,5453.80000000,1757937599999,1044.09541000,18,451.50000000,87.16506000,0
2025-09-15 12:00:00,0.1893,0.1906,0.1826,0.1826,597.20000000,1757951999999,113.08884000,6,350.70000000,66.83277000,0
2025-09-15 16:00:00,0.1821,0.1822,0.1774,0.1812,2094.80000000,1757966399999,379.52346000,8,2044.10000000,370.45543000,0
2025-09-15 20:00:00,0.1799,0.1807,0.1796,0.1796,585.70000000,1757980799999,105.20400000,3,0.00000000,0.00000000,0
2025-09-16 00:00:00,0.1793,0.1793,0.1735,0.1735,186.20000000,1757995199999,32.37590000,4,0.00000000,0.00000000,0
2025-09-16 04:00:00,0.1719,0.1719,0.1719,0.1719,1049.10000000,1758009599999,180.34029000,1,1049.10000000,180.34029000,0
2025-09-16 08:00:00,0.175,0.175,0.1744,0.1744,408.40000000,1758023999999,71.37922000,2,257.10000000,44.99250000,0
2025-09-16 12:00:00,0.1744,0.1744,0.1744,0.1744,0.00000000,1758038399999,0.00000000,0,0.00000000,0.00000000,0
2025-09-16 16:00:00,0.178,0.178,0.178,0.178,14241.60000000,1758052799999,2535.00480000,2,0.00000000,0.00000000,0
2025-09-16 20:00:00,0.1766,0.1909,0.1766,0.19,16274.60000000,1758067199999,3068.59748000,10,15409.50000000,2904.24938000,0
2025-09-17 00:00:00,0.191,0.191,0.191,0.191,14140.00000000,1758081599999,2700.74000000,1,0.00000000,0.00000000,0
2025-09-17 04:00:00,0.191,0.191,0.191,0.191,0.00000000,1758095999999,0.00000000,0,0.00000000,0.00000000,0
2025-09-17 08:00:00,0.191,0.191,0.191,0.191,0.00000000,1758110399999,0.00000000,0,0.00000000,0.00000000,0
2025-09-17 12:00:00,0.1797,0.18,0.1769,0.1771,16128.50000000,1758124799999,2856.90583000,9,15466.20000000,2739.73100000,0
2025-09-17 16:00:00,0.1764,0.1835,0.1761,0.1835,13738.20000000,1758139199999,2519.98772000,4,0.00000000,0.00000000,0
2025-09-17 20:00:00,0.1835,0.185,0.1835,0.185,27056.30000000,1758153599999,4985.03050000,4,13590.00000000,2493.76500000,0
2025-09-18 00:00:00,0.1857,0.1857,0.1857,0.1857,6.20000000,1758167999999,1.15134000,1,0.00000000,0.00000000,0
2025-09-18 04:00:00,0.1865,0.1865,0.1833,0.1833,32510.30000000,1758182399999,6062.30983000,4,0.00000000,0.00000000,0
2025-09-18 08:00:00,0.1855,0.186,0.1829,0.1829,39584.20000000,1758196799999,7361.66996000,5,0.00000000,0.00000000,0
2025-09-18 12:00:00,0.1829,0.1829,0.1829,0.1829,0.00000000,1758211199999,0.00000000,0,0.00000000,0.00000000,0
2025-09-18 16:00:00,0.1952,0.1961,0.1942,0.1956,41150.70000000,1758225599999,8068.06774000,10,39012.10000000,7650.24726000,0
2025-09-18 20:00:00,0.1932,0.1932,0.1932,0.1932,25.80000000,1758239999999,4.98456000,1,25.80000000,4.98456000,0
2025-09-19 00:00:00,0.19,0.19,0.1879,0.1879,518.60000000,1758254399999,97.88657000,2,518.60000000,97.88657000,0
2025-09-19 04:00:00,0.1823,0.1823,0.1822,0.1822,13452.80000000,1758268799999,2451.17050000,3,12749.40000000,2322.94068000,0
2025-09-19 08:00:00,0.1805,0.1805,0.1766,0.1766,282.30000000,1758283199999,50.87549000,4,0.00000000,0.00000000,0
2025-09-19 12:00:00,0.1735,0.1735,0.1724,0.1724,185.90000000,1758297599999,32.24496000,2,0.00000000,0.00000000,0
2025-09-19 16:00:00,0.1777,0.1785,0.1777,0.1785,12.90000000,1758311999999,2.29753000,2,0.00000000,0.00000000,0
2025-09-19 20:00:00,0.1785,0.1785,0.1785,0.1785,0.00000000,1758326399999,0.00000000,0,0.00000000,0.00000000,0
2025-09-20 00:00:00,0.1785,0.1785,0.1785,0.1785,0.00000000,1758340799999,0.00000000,0,0.00000000,0.00000000,0
2025-09-20 04:00:00,0.174,0.174,0.174,0.174,39.00000000,1758355199999,6.78600000,1,0.00000000,0.00000000,0
2025-09-20 08:00:00,0.174,0.174,0.174,0.174,0.00000000,1758369599999,0.00000000,0,0.00000000,0.00000000,0
2025-09-20 12:00:00,0.174,0.174,0.174,0.174,0.00000000,1758383999999,0.00000000,0,0.00000000,0.00000000,0
2025-09-20 16:00:00,0.1733,0.1733,0.1733,0.1733,210.70000000,1758398399999,36.51431000,1,0.00000000,0.00000000,0
2025-09-20 20:00:00,0.1733,0.1747,0.1733,0.1747,94.70000000,1758412799999,16.52430000,3,80.10000000,13.99347000,0
2025-09-21 00:00:00,0.1747,0.1747,0.1747,0.1747,0.00000000,1758427199999,0.00000000,0,0.00000000,0.00000000,0
2025-09-21 04:00:00,0.1747,0.1747,0.1747,0.1747,0.00000000,1758441599999,0.00000000,0,0.00000000,0.00000000,0
2025-09-21 08:00:00,0.1747,0.1747,0.1747,0.1747,0.00000000,1758455999999,0.00000000,0,0.00000000,0.00000000,0
2025-09-21 12:00:00,0.1703,0.1716,0.1703,0.1716,259.90000000,1758470399999,44.28190000,2,0.00000000,0.00000000,0
2025-09-21 16:00:00,0.1716,0.1716,0.1716,0.1716,0.00000000,1758484799999,0.00000000,0,0.00000000,0.00000000,0
2025-09-21 20:00:00,0.1716,0.1716,0.1716,0.1716,0.00000000,1758499199999,0.00000000,0,0.00000000,0.00000000,0
2025-09-22 00:00:00,0.1642,0.1642,0.1623,0.1623,1130.70000000,1758513599999,184.13719000,6,0.00000000,0.00000000,0
2025-09-22 04:00:00,0.1588,0.1588,0.1471,0.1471,92.20000000,1758527999999,13.66441000,2,0.00000000,0.00000000,0
2025-09-22 08:00:00,0.1471,0.1471,0.1471,0.1471,0.00000000,1758542399999,0.00000000,0,0.00000000,0.00000000,0
2025-09-22 12:00:00,0.1471,0.1471,0.1471,0.1471,0.00000000,1758556799999,0.00000000,0,0.00000000,0.00000000,0
2025-09-22 16:00:00,0.1471,0.1471,0.1471,0.1471,0.00000000,1758571199999,0.00000000,0,0.00000000,0.00000000,0
2025-09-22 20:00:00,0.1471,0.1471,0.1471,0.1471,0.00000000,1758585599999,0.00000000,0,0.00000000,0.00000000,0
2025-09-23 00:00:00,0.1471,0.1471,0.1471,0.1471,135.90000000,1758599999999,19.99089000,1,0.00000000,0.00000000,0
2025-09-23 04:00:00,0.1471,0.1471,0.1471,0.1471,0.00000000,1758614399999,0.00000000,0,0.00000000,0.00000000,0
2025-09-23 08:00:00,0.1471,0.1471,0.1471,0.1471,0.00000000,1758628799999,0.00000000,0,0.00000000,0.00000000,0
2025-09-23 12:00:00,0.1471,0.1471,0.1471,0.1471,0.00000000,1758643199999,0.00000000,0,0.00000000,0.00000000,0
2025-09-23 16:00:00,0.1471,0.1471,0.1471,0.1471,0.00000000,1758657599999,0.00000000,0,0.00000000,0.00000000,0
2025-09-23 20:00:00,0.1496,0.1496,0.1496,0.1496,80.00000000,1758671999999,11.96800000,1,0.00000000,0.00000000,0
2025-09-24 00:00:00,0.1457,0.1464,0.1436,0.146,2394.40000000,1758686399999,349.08694000,7,0.00000000,0.00000000,0
2025-09-24 04:00:00,0.1497,0.1497,0.1497,0.1497,45.20000000,1758700799999,6.76644000,1,0.00000000,0.00000000,0
2025-09-24 08:00:00,0.1497,0.1497,0.1497,0.1497,0.00000000,1758715199999,0.00000000,0,0.00000000,0.00000000,0
2025-09-24 12:00:00,0.1544,0.1571,0.1544,0.1571,16616.40000000,1758729599999,2588.21886000,5,239.10000000,37.56092000,0
2025-09-24 16:00:00,0.1571,0.1571,0.1571,0.1571,0.00000000,1758743999999,0.00000000,0,0.00000000,0.00000000,0
2025-09-24 20:00:00,0.1571,0.1571,0.1571,0.1571,0.00000000,1758758399999,0.00000000,0,0.00000000,0.00000000,0
2025-09-25 00:00:00,0.1495,0.1495,0.149,0.149,46.90000000,1758772799999,7.00310000,2,0.00000000,0.00000000,0
2025-09-25 04:00:00,0.1478,0.1478,0.1477,0.1477,15700.60000000,1758787199999,2319.10651000,3,14421.70000000,2130.08509000,0
2025-09-25 08:00:00,0.148,0.148,0.148,0.148,25.40000000,1758801599999,3.75920000,1,0.00000000,0.00000000,0
2025-09-25 12:00:00,0.148,0.148,0.148,0.148,0.00000000,1758815999999,0.00000000,0,0.00000000,0.00000000,0
2025-09-25 16:00:00,0.1455,0.1455,0.1403,0.1403,735.50000000,1758830399999,104.37585000,5,216.60000000,31.51530000,0
2025-09-25 20:00:00,0.1443,0.1443,0.1419,0.1431,53.20000000,1758844799999,7.64580000,3,34.50000000,4.97835000,0
2025-09-26 00:00:00,0.146,0.1464,0.146,0.1464,1324.50000000,1758859199999,193.78680000,2,1024.50000000,149.98680000,0
2025-09-26 04:00:00,0.1464,0.1464,0.1464,0.1464,0.00000000,1758873599999,0.00000000,0,0.00000000,0.00000000,0
2025-09-26 08:00:00,0.1442,0.1442,0.1442,0.1442,10.80000000,1758887999999,1.55736000,1,0.00000000,0.00000000,0
2025-09-26 12:00:00,0.143,0.143,0.143,0.143,7.90000000,1758902399999,1.12970000,1,0.00000000,0.00000000,0
2025-09-26 16:00:00,0.143,0.143,0.143,0.143,0.00000000,1758916799999,0.00000000,0,0.00000000,0.00000000,0
2025-09-26 20:00:00,0.1503,0.1503,0.1501,0.1501,20.40000000,1758931199999,3.06452000,2,0.00000000,0.00000000,0
2025-09-27 00:00:00,0.1501,0.1501,0.1501,0.1501,0.00000000,1758945599999,0.00000000,0,0.00000000,0.00000000,0
2025-09-27 04:00:00,0.1501,0.1501,0.1501,0.1501,0.00000000,1758959999999,0.00000000,0,0.00000000,0.00000000,0
2025-09-27 08:00:00,0.1475,0.1475,0.1468,0.1468,16.00000000,1758974399999,2.35384000,2,0.00000000,0.00000000,0
2025-09-27 12:00:00,0.1485,0.1485,0.1485,0.1485,11.00000000,1758988799999,1.63350000,1,0.00000000,0.00000000,0
2025-09-27 16:00:00,0.1485,0.1485,0.1485,0.1485,0.00000000,1759003199999,0.00000000,0,0.00000000,0.00000000,0
2025-09-27 20:00:00,0.1485,0.1485,0.1485,0.1485,0.00000000,1759017599999,0.00000000,0,0.00000000,0.00000000,0
2025-09-28 00:00:00,0.1485,0.1485,0.1485,0.1485,0.00000000,1759031999999,0.00000000,0,0.00000000,0.00000000,0
2025-09-28 04:00:00,0.1485,0.1485,0.1485,0.1485,0.00000000,1759046399999,0.00000000,0,0.00000000,0.00000000,0
2025-09-28 08:00:00,0.1485,0.1485,0.1485,0.1485,0.00000000,1759060799999,0.00000000,0,0.00000000,0.00000000,0
2025-09-28 12:00:00,0.1485,0.1485,0.1485,0.1485,0.00000000,1759075199999,0.00000000,0,0.00000000,0.00000000,0
2025-09-28 16:00:00,0.1485,0.1485,0.1485,0.1485,0.00000000,1759089599999,0.00000000,0,0.00000000,0.00000000,0
2025-09-28 20:00:00,0.1507,0.1527,0.1507,0.1527,103.70000000,1759103999999,15.81959000,2,0.00000000,0.00000000,0
2025-09-29 00:00:00,0.1545,0.1545,0.1524,0.1535,4635.90000000,1759118399999,711.26160000,26,4362.60000000,669.58659000,0
2025-09-29 04:00:00,0.1508,0.1508,0.1503,0.1503,15220.10000000,1759132799999,2287.70283000,3,0.00000000,0.00000000,0
2025-09-29 08:00:00,0.1492,0.1492,0.1476,0.1476,495.10000000,1759147199999,73.47068000,2,0.00000000,0.00000000,0
2025-09-29 12:00:00,0.146,0.146,0.146,0.146,251.60000000,1759161599999,36.73360000,1,0.00000000,0.00000000,0
2025-09-29 16:00:00,0.146,0.146,0.146,0.146,0.00000000,1759175999999,0.00000000,0,0.00000000,0.00000000,0
2025-09-29 20:00:00,0.1494,0.1502,0.1472,0.1502,9763.30000000,1759190399999,1448.18438000,23,4145.00000000,619.89856000,0
2025-09-30 00:00:00,0.1478,0.1478,0.1451,0.1466,9483.90000000,1759204799999,1382.22328000,25,4133.00000000,603.85275000,0
2025-09-30 04:00:00,0.1474,0.1474,0.1474,0.1474,238.80000000,1759219199999,35.19912000,1,238.80000000,35.19912000,0
2025-09-30 08:00:00,0.1442,0.1449,0.1442,0.1449,271.40000000,1759233599999,39.15436000,2,0.00000000,0.00000000,0
2025-09-30 12:00:00,0.1427,0.1427,0.1411,0.1411,498.00000000,1759247999999,70.66396000,2,0.00000000,0.00000000,0
2025-09-30 16:00:00,0.1449,0.1458,0.1449,0.1458,272.60000000,1759262399999,39.72456000,2,272.60000000,39.72456000,0
2025-09-30 20:00:00,0.146,0.148,0.1445,0.1445,48848.60000000,1759276799999,7177.30637000,7,29938.40000000,4391.97406000,0
2025-10-01 00:00:00,0.1445,0.1445,0.1445,0.1445,0.00000000,1759291199999,0.00000000,0,0.00000000,0.00000000,0
2025-10-01 04:00:00,0.148,0.148,0.148,0.148,14655.50000000,1759305599999,2169.01400000,2,0.00000000,0.00000000,0
2025-10-01 08:00:00,0.1537,0.1537,0.1537,0.1537,14669.60000000,1759319999999,2254.71752000,4,13442.50000000,2066.11225000,0
2025-10-01 12:00:00,0.152,0.152,0.152,0.152,13758.60000000,1759334399999,2091.30720000,1,0.00000000,0.00000000,0
2025-10-01 16:00:00,0.1547,0.1547,0.1532,0.1532,13859.80000000,1759348799999,2123.49386000,3,12436.60000000,1905.28712000,0
2025-10-01 20:00:00,0.1532,0.1532,0.1532,0.1532,0.00000000,1759363199999,0.00000000,0,0.00000000,0.00000000,0
2025-10-02 00:00:00,0.159,0.1607,0.159,0.1607,14231.40000000,1759377599999,2262.82303000,3,17.90000000,2.87653000,0
2025-10-02 04:00:00,0.1607,0.1607,0.1607,0.1607,0.00000000,1759391999999,0.00000000,0,0.00000000,0.00000000,0
2025-10-02 08:00:00,0.1638,0.1638,0.1621,0.1621,88.40000000,1759406399999,14.43164000,2,60.00000000,9.82800000,0
2025-10-02 12:00:00,0.1621,0.1621,0.1621,0.1621,0.00000000,1759420799999,0.00000000,0,0.00000000,0.00000000,0
2025-10-02 16:00:00,0.1664,0.1664,0.1664,0.1664,601.70000000,1759435199999,100.12288000,1,601.70000000,100.12288000,0
2025-10-02 20:00:00,0.165,0.165,0.1637,0.1637,1911.00000000,1759449599999,312.86996000,2,1911.00000000,312.86996000,0
2025-10-03 00:00:00,0.1637,0.1637,0.1637,0.1637,0.00000000,1759463999999,0.00000000,0,0.00000000,0.00000000,0
2025-10-03 04:00:00,0.16,0.16,0.16,0.16,10000.00000000,1759478399999,1600.00000000,1,10000.00000000,1600.00000000,0
2025-10-03 08:00:00,0.1584,0.1584,0.1579,0.1579,14213.60000000,1759492799999,2244.79624000,4,12483.20000000,1971.09728000,0
2025-10-03 12:00:00,0.1574,0.163,0.1574,0.163,14042.50000000,1759507199999,2287.24750000,3,0.00000000,0.00000000,0
2025-10-03 16:00:00,0.165,0.165,0.1612,0.1612,15191.10000000,1759521599999,2503.38244000,4,13853.50000000,2285.35364000,0
2025-10-03 20:00:00,0.1633,0.1633,0.1633,0.1633,556.40000000,1759535999999,90.86012000,1,0.00000000,0.00000000,0
2025-10-04 00:00:00,0.163,0.1645,0.163,0.1645,532.70000000,1759550399999,86.85755000,2,532.70000000,86.85755000,0
2025-10-04 04:00:00,0.168,0.1754,0.166,0.1754,40031.40000000,1759564799999,6731.18088000,7,12580.40000000,2088.40070000,0
2025-10-04 08:00:00,0.1754,0.1754,0.1754,0.1754,0.00000000,1759579199999,0.00000000,0,0.00000000,0.00000000,0
2025-10-04 12:00:00,0.1754,0.1754,0.1754,0.1754,0.00000000,1759593599999,0.00000000,0,0.00000000,0.00000000,0
2025-10-04 16:00:00,0.1608,0.1608,0.1593,0.1593,94.10000000,1759607999999,15.08313000,2,62.00000000,9.96960000,0
2025-10-04 20:00:00,0.1652,0.1652,0.1642,0.1642,3218.40000000,1759622399999,529.07738000,2,0.00000000,0.00000000,0
2025-10-05 00:00:00,0.1642,0.1642,0.1642,0.1642,0.00000000,1759636799999,0.00000000,0,0.00000000,0.00000000,0
2025-10-05 04:00:00,0.1735,0.1735,0.1735,0.1735,783.90000000,1759651199999,136.00665000,1,783.90000000,136.00665000,0
2025-10-05 08:00:00,0.1726,0.1726,0.1726,0.1726,30.40000000,1759665599999,5.24704000,1,0.00000000,0.00000000,0
2025-10-05 12:00:00,0.1726,0.1726,0.1726,0.1726,0.00000000,1759679999999,0.00000000,0,0.00000000,0.00000000,0
2025-10-05 16:00:00,0.1726,0.1726,0.1726,0.1726,0.00000000,1759694399999,0.00000000,0,0.00000000,0.00000000,0
2025-10-05 20:00:00,0.1726,0.1726,0.1726,0.1726,0.00000000,1759708799999,0.00000000,0,0.00000000,0.00000000,0
2025-10-06 00:00:00,0.1726,0.1726,0.1726,0.1726,0.00000000,1759723199999,0.00000000,0,0.00000000,0.00000000,0
2025-10-06 04:00:00,0.1726,0.1726,0.1726,0.1726,0.00000000,1759737599999,0.00000000,0,0.00000000,0.00000000,0
2025-10-06 08:00:00,0.1674,0.1674,0.1665,0.1665,59.80000000,1759751999999,9.99090000,2,0.00000000,0.00000000,0
2025-10-06 12:00:00,0.1665,0.1665,0.1665,0.1665,0.00000000,1759766399999,0.00000000,0,0.00000000,0.00000000,0
2025-10-06 16:00:00,0.1726,0.1735,0.1726,0.1735,354.90000000,1759780799999,61.26231000,2,354.90000000,61.26231000,0
2025-10-06 20:00:00,0.1735,0.1735,0.1735,0.1735,0.00000000,1759795199999,0.00000000,0,0.00000000,0.00000000,0
2025-10-07 00:00:00,0.1735,0.1735,0.1735,0.1735,0.00000000,1759809599999,0.00000000,0,0.00000000,0.00000000,0
2025-10-07 04:00:00,0.1735,0.1735,0.1735,0.1735,0.00000000,1759823999999,0.00000000,0,0.00000000,0.00000000,0
2025-10-07 08:00:00,0.1735,0.1735,0.1735,0.1735,0.00000000,1759838399999,0.00000000,0,0.00000000,0.00000000,0
2025-10-07 12:00:00,0.1651,0.1651,0.1582,0.1582,25.10000000,1759852799999,4.05011000,3,0.00000000,0.00000000,0
2025-10-07 16:00:00,0.1589,0.1589,0.1589,0.1589,50.00000000,1759867199999,7.94500000,1,50.00000000,7.94500000,0
2025-10-07 20:00:00,0.1589,0.1589,0.1589,0.1589,0.00000000,1759881599999,0.00000000,0,0.00000000,0.00000000,0
2025-10-08 00:00:00,0.1529,0.1546,0.1529,0.1546,657.60000000,1759895999999,101.64541000,2,646.10000000,99.88706000,0
2025-10-08 04:00:00,0.1546,0.1546,0.1546,0.1546,0.00000000,1759910399999,0.00000000,0,0.00000000,0.00000000,0
2025-10-08 08:00:00,0.1546,0.1546,0.1546,0.1546,0.00000000,1759924799999,0.00000000,0,0.00000000,0.00000000,0
2025-10-08 12:00:00,0.1546,0.1546,0.1546,0.1546,0.00000000,1759939199999,0.00000000,0,0.00000000,0.00000000,0
2025-10-08 16:00:00,0.1624,0.1624,0.1624,0.1624,13074.40000000,1759953599999,2123.28256000,2,13074.40000000,2123.28256000,0
2025-10-08 20:00:00,0.1606,0.1606,0.1606,0.1606,13207.90000000,1759967999999,2121.18874000,1,0.00000000,0.00000000,0
2025-10-09 00:00:00,0.1606,0.1606,0.1606,0.1606,0.00000000,1759982399999,0.00000000,0,0.00000000,0.00000000,0
2025-10-09 04:00:00,0.1585,0.1585,0.1568,0.1568,39695.10000000,1759996799999,6257.22811000,4,26438.30000000,4167.95643000,0
2025-10-09 08:00:00,0.152,0.1521,0.152,0.1521,13661.30000000,1760011199999,2076.51892000,2,0.00000000,0.00000000,0
2025-10-09 12:00:00,0.15,0.15,0.15,0.15,20.00000000,1760025599999,3.00000000,2,0.00000000,0.00000000,0
2025-10-09 16:00:00,0.15,0.15,0.15,0.15,0.00000000,1760039999999,0.00000000,0,0.00000000,0.00000000,0
2025-10-09 20:00:00,0.1517,0.1517,0.1498,0.1515,14669.50000000,1760054399999,2221.36235000,5,13667.20000000,2070.58736000,0
2025-10-10 00:00:00,0.1515,0.1515,0.1515,0.1515,0.00000000,1760068799999,0.00000000,0,0.00000000,0.00000000,0
2025-10-10 04:00:00,0.1515,0.1515,0.1515,0.1515,0.00000000,1760083199999,0.00000000,0,0.00000000,0.00000000,0
2025-10-10 08:00:00,0.1517,0.1517,0.1517,0.1517,42.60000000,1760097599999,6.46242000,1,0.00000000,0.00000000,0
2025-10-10 12:00:00,0.1477,0.1477,0.1442,0.1442,42.80000000,1760111999999,6.26661000,3,0.00000000,0.00000000,0
2025-10-10 16:00:00,0.1442,0.1442,0.1442,0.1442,0.00000000,1760126399999,0.00000000,0,0.00000000,0.00000000,0
2025-10-10 20:00:00,0.1408,0.1408,0.0704,0.0704,818.50000000,1760140799999,70.97931000,16,8.70000000,1.13187000,0
2025-10-11 00:00:00,0.0704,0.0704,0.0704,0.0704,0.00000000,1760155199999,0.00000000,0,0.00000000,0.00000000,0
2025-10-11 04:00:00,0.0704,0.0704,0.0704,0.0704,0.00000000,1760169599999,0.00000000,0,0.00000000,0.00000000,0
2025-10-11 08:00:00,0.0704,0.0704,0.0704,0.0704,0.00000000,1760183999999,0.00000000,0,0.00000000,0.00000000,0
2025-10-11 12:00:00,0.0704,0.0704,0.0704,0.0704,0.00000000,1760198399999,0.00000000,0,0.00000000,0.00000000,0
2025-10-11 16:00:00,0.0708,0.0708,0.0708,0.0708,710.20000000,1760212799999,50.28216000,1,0.00000000,0.00000000,0
2025-10-11 20:00:00,0.0704,0.0704,0.0704,0.0704,120.80000000,1760227199999,8.50432000,2,0.00000000,0.00000000,0
2025-10-12 00:00:00,0.0705,0.0705,0.0704,0.0704,214.40000000,1760241599999,15.10794000,2,0.00000000,0.00000000,0
2025-10-12 04:00:00,0.0704,0.0704,0.0704,0.0704,0.00000000,1760255999999,0.00000000,0,0.00000000,0.00000000,0
2025-10-12 08:00:00,0.0704,0.0704,0.0704,0.0704,47.50000000,1760270399999,3.34400000,1,0.00000000,0.00000000,0
2025-10-12 12:00:00,0.0704,0.0704,0.0704,0.0704,0.00000000,1760284799999,0.00000000,0,0.00000000,0.00000000,0
2025-10-12 16:00:00,0.0704,0.0704,0.0704,0.0704,0.00000000,1760299199999,0.00000000,0,0.00000000,0.00000000,0
2025-10-12 20:00:00,0.0704,0.0704,0.0704,0.0704,0.00000000,1760313599999,0.00000000,0,0.00000000,0.00000000,0
2025-10-13 00:00:00,0.0704,0.0704,0.0704,0.0704,792.70000000,1760327999999,55.80608000,3,0.00000000,0.00000000,0
2025-10-13 04:00:00,0.0704,0.0704,0.0704,0.0704,0.00000000,1760342399999,0.00000000,0,0.00000000,0.00000000,0
2025-10-13 08:00:00,0.0705,0.0705,0.0705,0.0705,180.00000000,1760356799999,12.69000000,1,0.00000000,0.00000000,0
2025-10-13 12:00:00,0.0705,0.0705,0.0705,0.0705,0.00000000,1760371199999,0.00000000,0,0.00000000,0.00000000,0
2025-10-13 16:00:00,0.0705,0.0705,0.0705,0.0705,589.20000000,1760385599999,41.53860000,1,0.00000000,0.00000000,0
2025-10-13 20:00:00,0.0705,0.0705,0.0705,0.0705,0.00000000,1760399999999,0.00000000,0,0.00000000,0.00000000,0
2025-10-14 00:00:00,0.095,0.095,0.095,0.095,625.00000000,1760414399999,59.37500000,1,625.00000000,59.37500000,0
2025-10-14 04:00:00,0.1185,0.1185,0.116,0.117,2648.40000000,1760428799999,310.11578000,7,1111.20000000,129.85382000,0
2025-10-14 08:00:00,0.1204,0.1204,0.1204,0.1204,413.30000000,1760443199999,49.76132000,1,413.30000000,49.76132000,0
2025-10-14 12:00:00,0.1187,0.1195,0.1175,0.1195,4938.70000000,1760457599999,584.05412000,6,4290.20000000,507.85537000,0
2025-10-14 16:00:00,0.1231,0.1245,0.1231,0.1245,672.30000000,1760471999999,82.86573000,3,672.30000000,82.86573000,0
2025-10-14 20:00:00,0.1229,0.1235,0.1229,0.1235,331.90000000,1760486399999,40.87943000,3,331.90000000,40.87943000,0
2025-10-15 00:00:00,0.1231,0.1231,0.1214,0.1223,1210.60000000,1760500799999,147.81534000,3,510.60000000,62.83534000,0
2025-10-15 04:00:00,0.1242,0.1242,0.1242,0.1242,78.10000000,1760515199999,9.70002000,1,0.00000000,0.00000000,0
2025-10-15 08:00:00,0.1241,0.1241,0.1241,0.1241,12.70000000,1760529599999,1.57607000,1,0.00000000,0.00000000,0
2025-10-15 12:00:00,0.1241,0.1241,0.1241,0.1241,0.00000000,1760543999999,0.00000000,0,0.00000000,0.00000000,0
2025-10-15 16:00:00,0.12,0.12,0.12,0.12,443.70000000,1760558399999,53.24400000,1,0.00000000,0.00000000,0
2025-10-15 20:00:00,0.12,0.12,0.12,0.12,0.00000000,1760572799999,0.00000000,0,0.00000000,0.00000000,0
2025-10-16 00:00:00,0.12,0.12,0.12,0.12,0.00000000,1760587199999,0.00000000,0,0.00000000,0.00000000,0
2025-10-16 04:00:00,0.12,0.12,0.12,0.12,0.00000000,1760601599999,0.00000000,0,0.00000000,0.00000000,0
2025-10-16 08:00:00,0.1177,0.1177,0.1177,0.1177,162.30000000,1760615999999,19.10271000,1,0.00000000,0.00000000,0
2025-10-16 12:00:00,0.1177,0.1177,0.1177,0.1177,0.00000000,1760630399999,0.00000000,0,0.00000000,0.00000000,0
2025-10-16 16:00:00,0.1177,0.1177,0.1177,0.1177,0.00000000,1760644799999,0.00000000,0,0.00000000,0.00000000,0
2025-10-16 20:00:00,0.1176,0.1176,0.1176,0.1176,42.30000000,1760659199999,4.97448000,1,42.30000000,4.97448000,0
2025-10-17 00:00:00,0.1175,0.1175,0.1134,0.1134,405.80000000,1760673599999,46.05872000,2,0.00000000,0.00000000,0
2025-10-17 04:00:00,0.1111,0.1111,0.1063,0.1063,935.10000000,1760687999999,102.76113000,2,0.00000000,0.00000000,0
2025-10-17 08:00:00,0.1071,0.1071,0.1071,0.1071,14.80000000,1760702399999,1.58508000,1,0.00000000,0.00000000,0
2025-10-17 12:00:00,0.1069,0.1069,0.1069,0.1069,401.20000000,1760716799999,42.88828000,2,183.10000000,19.57339000,0
2025-10-17 16:00:00,0.1069,0.1069,0.1069,0.1069,500.00000000,1760731199999,53.45000000,1,0.00000000,0.00000000,0
2025-10-17 20:00:00,0.1069,0.1069,0.1069,0.1069,0.00000000,1760745599999,0.00000000,0,0.00000000,0.00000000,0
2025-10-18 00:00:00,0.1069,0.1069,0.1069,0.1069,0.00000000,1760759999999,0.00000000,0,0.00000000,0.00000000,0
2025-10-18 04:00:00,0.1069,0.1069,0.1069,0.1069,0.00000000,1760774399999,0.00000000,0,0.00000000,0.00000000,0
2025-10-18 08:00:00,0.1069,0.1069,0.1069,0.1069,0.00000000,1760788799999,0.00000000,0,0.00000000,0.00000000,0
2025-10-18 12:00:00,0.1081,0.1081,0.1081,0.1081,202.80000000,1760803199999,21.92268000,1,0.00000000,0.00000000,0
2025-10-18 16:00:00,0.1081,0.1081,0.1081,0.1081,0.00000000,1760817599999,0.00000000,0,0.00000000,0.00000000,0
2025-10-18 20:00:00,0.1081,0.1081,0.1081,0.1081,0.00000000,1760831999999,0.00000000,0,0.00000000,0.00000000,0
2025-10-19 00:00:00,0.1081,0.1081,0.1081,0.1081,0.00000000,1760846399999,0.00000000,0,0.00000000,0.00000000,0
2025-10-19 04:00:00,0.1081,0.1081,0.1081,0.1081,0.00000000,1760860799999,0.00000000,0,0.00000000,0.00000000,0
2025-10-19 08:00:00,0.1078,0.1078,0.1078,0.1078,13.00000000,1760875199999,1.40140000,1,0.00000000,0.00000000,0
2025-10-19 12:00:00,0.1139,0.1139,0.1139,0.1139,350.00000000,1760889599999,39.86500000,1,350.00000000,39.86500000,0
2025-10-19 16:00:00,0.1148,0.1148,0.1148,0.1148,43.30000000,1760903999999,4.97084000,1,43.30000000,4.97084000,0
2025-10-19 20:00:00,0.1148,0.1148,0.1148,0.1148,0.00000000,1760918399999,0.00000000,0,0.00000000,0.00000000,0
2025-10-20 00:00:00,0.1148,0.1148,0.1148,0.1148,0.00000000,1760932799999,0.00000000,0,0.00000000,0.00000000,0
2025-10-20 04:00:00,0.1148,0.1148,0.1148,0.1148,0.00000000,1760947199999,0.00000000,0,0.00000000,0.00000000,0
2025-10-20 08:00:00,0.117,0.117,0.117,0.117,234.90000000,1760961599999,27.48330000,1,234.90000000,27.48330000,0
2025-10-20 12:00:00,0.117,0.117,0.117,0.117,0.00000000,1760975999999,0.00000000,0,0.00000000,0.00000000,0
2025-10-20 16:00:00,0.117,0.117,0.117,0.117,0.00000000,1760990399999,0.00000000,0,0.00000000,0.00000000,0
2025-10-20 20:00:00,0.117,0.117,0.117,0.117,0.00000000,1761004799999,0.00000000,0,0.00000000,0.00000000,0
2025-10-21 00:00:00,0.1141,0.1141,0.1141,0.1141,500.00000000,1761019199999,57.05000000,1,0.00000000,0.00000000,0
2025-10-21 04:00:00,0.1141,0.1141,0.1141,0.1141,0.00000000,1761033599999,0.00000000,0,0.00000000,0.00000000,0
2025-10-21 08:00:00,0.1141,0.1141,0.1141,0.1141,0.00000000,1761047999999,0.00000000,0,0.00000000,0.00000000,0
2025-10-21 12:00:00,0.1141,0.1141,0.1141,0.1141,0.00000000,1761062399999,0.00000000,0,0.00000000,0.00000000,0
2025-10-21 16:00:00,0.1141,0.1141,0.1141,0.1141,0.00000000,1761076799999,0.00000000,0,0.00000000,0.00000000,0
2025-10-21 20:00:00,0.1141,0.1141,0.1141,0.1141,0.00000000,1761091199999,0.00000000,0,0.00000000,0.00000000,0
2025-10-22 00:00:00,0.1141,0.1141,0.1141,0.1141,0.00000000,1761105599999,0.00000000,0,0.00000000,0.00000000,0
2025-10-22 04:00:00,0.1141,0.1141,0.1141,0.1141,0.00000000,1761119999999,0.00000000,0,0.00000000,0.00000000,0
2025-10-22 08:00:00,0.1141,0.1141,0.1141,0.1141,0.00000000,1761134399999,0.00000000,0,0.00000000,0.00000000,0
2025-10-22 12:00:00,0.1141,0.1141,0.1141,0.1141,0.00000000,1761148799999,0.00000000,0,0.00000000,0.00000000,0
2025-10-22 16:00:00,0.1083,0.1083,0.108,0.108,9652.70000000,1761163199999,1042.52640000,5,0.00000000,0.00000000,0
2025-10-22 20:00:00,0.1041,0.1041,0.1041,0.1041,259.30000000,1761177599999,26.99313000,1,0.00000000,0.00000000,0
2025-10-23 00:00:00,0.1041,0.1041,0.1041,0.1041,0.00000000,1761191999999,0.00000000,0,0.00000000,0.00000000,0
2025-10-23 04:00:00,0.1041,0.1041,0.1041,0.1041,0.00000000,1761206399999,0.00000000,0,0.00000000,0.00000000,0
2025-10-23 08:00:00,0.1098,0.1098,0.1098,0.1098,295.10000000,1761220799999,32.40198000,2,0.00000000,0.00000000,0
2025-10-23 12:00:00,0.1098,0.1098,0.1098,0.1098,0.00000000,1761235199999,0.00000000,0,0.00000000,0.00000000,0
2025-10-23 16:00:00,0.1094,0.1094,0.1094,0.1094,173.90000000,1761249599999,19.02466000,1,0.00000000,0.00000000,0
2025-10-23 20:00:00,0.1123,0.1123,0.1112,0.1112,544.30000000,1761263999999,60.57489000,2,44.30000000,4.97489000,0
2025-10-24 00:00:00,0.1112,0.1112,0.1112,0.1112,0.00000000,1761278399999,0.00000000,0,0.00000000,0.00000000,0
2025-10-24 04:00:00,0.1112,0.1112,0.1112,0.1112,0.00000000,1761292799999,0.00000000,0,0.00000000,0.00000000,0
2025-10-24 08:00:00,0.1112,0.1112,0.1112,0.1112,0.00000000,1761307199999,0.00000000,0,0.00000000,0.00000000,0
2025-10-24 12:00:00,0.1112,0.1112,0.1112,0.1112,0.00000000,1761321599999,0.00000000,0,0.00000000,0.00000000,0
2025-10-24 16:00:00,0.1112,0.1112,0.1112,0.1112,0.00000000,1761335999999,0.00000000,0,0.00000000,0.00000000,0
2025-10-24 20:00:00,0.1112,0.1112,0.1112,0.1112,0.00000000,1761350399999,0.00000000,0,0.00000000,0.00000000,0
2025-10-25 00:00:00,0.1146,0.1146,0.1146,0.1146,259.00000000,1761364799999,29.68140000,1,259.00000000,29.68140000,0
2025-10-25 04:00:00,0.1146,0.1146,0.1146,0.1146,0.00000000,1761379199999,0.00000000,0,0.00000000,0.00000000,0
2025-10-25 08:00:00,0.1146,0.1146,0.1146,0.1146,173.90000000,1761393599999,19.92894000,1,0.00000000,0.00000000,0
2025-10-25 12:00:00,0.1146,0.1146,0.1146,0.1146,0.00000000,1761407999999,0.00000000,0,0.00000000,0.00000000,0
2025-10-25 16:00:00,0.1146,0.1146,0.1146,0.1146,0.00000000,1761422399999,0.00000000,0,0.00000000,0.00000000,0
2025-10-25 20:00:00,0.1173,0.1173,0.1173,0.1173,38.40000000,1761436799999,4.50432000,1,0.00000000,0.00000000,0
2025-10-26 00:00:00,0.1173,0.1173,0.1173,0.1173,0.00000000,1761451199999,0.00000000,0,0.00000000,0.00000000,0
2025-10-26 04:00:00,0.1173,0.1173,0.1173,0.1173,0.00000000,1761465599999,0.00000000,0,0.00000000,0.00000000,0
2025-10-26 08:00:00,0.1173,0.1173,0.1173,0.1173,0.00000000,1761479999999,0.00000000,0,0.00000000,0.00000000,0
2025-10-26 12:00:00,0.1173,0.1173,0.1173,0.1173,0.00000000,1761494399999,0.00000000,0,0.00000000,0.00000000,0
2025-10-26 16:00:00,0.1176,0.1176,0.117,0.117,9245.30000000,1761508799999,1082.21886000,2,0.00000000,0.00000000,0
2025-10-26 20:00:00,0.1206,0.1206,0.1206,0.1206,8.60000000,1761523199999,1.03716000,1,0.00000000,0.00000000,0
2025-10-27 00:00:00,0.1206,0.1206,0.1206,0.1206,0.00000000,1761537599999,0.00000000,0,0.00000000,0.00000000,0
2025-10-27 04:00:00,0.1206,0.1206,0.1206,0.1206,0.00000000,1761551999999,0.00000000,0,0.00000000,0.00000000,0
2025-10-27 08:00:00,0.1206,0.1206,0.1206,0.1206,0.00000000,1761566399999,0.00000000,0,0.00000000,0.00000000,0
2025-10-27 12:00:00,0.1206,0.1206,0.1206,0.1206,0.00000000,1761580799999,0.00000000,0,0.00000000,0.00000000,0
2025-10-27 16:00:00,0.1218,0.1218,0.1218,0.1218,11.00000000,1761595199999,1.33980000,1,0.00000000,0.00000000,0
2025-10-27 20:00:00,0.1218,0.1218,0.1218,0.1218,0.00000000,1761609599999,0.00000000,0,0.00000000,0.00000000,0
2025-10-28 00:00:00,0.119,0.119,0.1184,0.1184,16860.10000000,1761623999999,2006.31986000,2,0.00000000,0.00000000,0
2025-10-28 04:00:00,0.1184,0.1184,0.1184,0.1184,0.00000000,1761638399999,0.00000000,0,0.00000000,0.00000000,0
2025-10-28 08:00:00,0.1184,0.1184,0.1184,0.1184,0.00000000,1761652799999,0.00000000,0,0.00000000,0.00000000,0
2025-10-28 12:00:00,0.1177,0.1177,0.1177,0.1177,32.30000000,1761667199999,3.80171000,1,0.00000000,0.00000000,0
2025-10-28 16:00:00,0.115,0.115,0.115,0.115,399.80000000,1761681599999,45.97700000,1,0.00000000,0.00000000,0
2025-10-28 20:00:00,0.115,0.115,0.115,0.115,0.00000000,1761695999999,0.00000000,0,0.00000000,0.00000000,0
2025-10-29 00:00:00,0.115,0.115,0.115,0.115,0.00000000,1761710399999,0.00000000,0,0.00000000,0.00000000,0
2025-10-29 04:00:00,0.115,0.115,0.115,0.115,0.00000000,1761724799999,0.00000000,0,0.00000000,0.00000000,0
2025-10-29 08:00:00,0.1151,0.1151,0.1151,0.1151,16.80000000,1761739199999,1.93368000,1,0.00000000,0.00000000,0
2025-10-29 12:00:00,0.1151,0.1151,0.1151,0.1151,0.00000000,1761753599999,0.00000000,0,0.00000000,0.00000000,0
2025-10-29 16:00:00,0.1151,0.1151,0.1151,0.1151,0.00000000,1761767999999,0.00000000,0,0.00000000,0.00000000,0
2025-10-29 20:00:00,0.1151,0.1151,0.1151,0.1151,0.00000000,1761782399999,0.00000000,0,0.00000000,0.00000000,0
2025-10-30 00:00:00,0.1151,0.1151,0.1151,0.1151,0.00000000,1761796799999,0.00000000,0,0.00000000,0.00000000,0
2025-10-30 04:00:00,0.1151,0.1151,0.1151,0.1151,0.00000000,1761811199999,0.00000000,0,0.00000000,0.00000000,0
2025-10-30 08:00:00,0.11,0.11,0.11,0.11,111.00000000,1761825599999,12.21000000,1,111.00000000,12.21000000,0
2025-10-30 12:00:00,0.1086,0.1086,0.1086,0.1086,276.00000000,1761839999999,29.97360000,3,0.00000000,0.00000000,0
2025-10-30 16:00:00,0.1019,0.1019,0.0998,0.0998,306.50000000,1761854399999,31.18823000,3,0.00000000,0.00000000,0
2025-10-30 20:00:00,0.1013,0.1013,0.0995,0.0995,71.50000000,1761868799999,7.20281000,3,49.20000000,4.98396000,0
2025-10-31 00:00:00,0.0995,0.0995,0.0995,0.0995,0.00000000,1761883199999,0.00000000,0,0.00000000,0.00000000,0
2025-10-31 04:00:00,0.0995,0.0995,0.0995,0.0995,0.00000000,1761897599999,0.00000000,0,0.00000000,0.00000000,0
2025-10-31 08:00:00,0.0995,0.0995,0.0995,0.0995,0.00000000,1761911999999,0.00000000,0,0.00000000,0.00000000,0
2025-10-31 12:00:00,0.0995,0.0995,0.0995,0.0995,0.00000000,1761926399999,0.00000000,0,0.00000000,0.00000000,0
2025-10-31 16:00:00,0.0995,0.0995,0.0995,0.0995,0.00000000,1761940799999,0.00000000,0,0.00000000,0.00000000,0
2025-10-31 20:00:00,0.0995,0.0995,0.0995,0.0995,0.00000000,1761955199999,0.00000000,0,0.00000000,0.00000000,0
2025-11-01 00:00:00,0.1045,0.1045,0.1045,0.1045,19138.70000000,1761969599999,1999.99415000,1,0.00000000,0.00000000,0
2025-11-01 04:00:00,0.1045,0.1045,0.1045,0.1045,35909.40000000,1761983999999,3752.53230000,2,35909.40000000,3752.53230000,0
2025-11-01 08:00:00,0.1045,0.1045,0.1045,0.1045,0.00000000,1761998399999,0.00000000,0,0.00000000,0.00000000,0
2025-11-01 12:00:00,0.1052,0.1052,0.1052,0.1052,274.90000000,1762012799999,28.91948000,1,0.00000000,0.00000000,0
2025-11-01 16:00:00,0.1052,0.1052,0.1052,0.1052,0.00000000,1762027199999,0.00000000,0,0.00000000,0.00000000,0
2025-11-01 20:00:00,0.1052,0.1052,0.1052,0.1052,0.00000000,1762041599999,0.00000000,0,0.00000000,0.00000000,0
2025-11-02 00:00:00,0.1052,0.1052,0.1052,0.1052,0.00000000,1762055999999,0.00000000,0,0.00000000,0.00000000,0
2025-11-02 04:00:00,0.1052,0.1052,0.1052,0.1052,0.00000000,1762070399999,0.00000000,0,0.00000000,0.00000000,0
2025-11-02 08:00:00,0.1056,0.1056,0.1056,0.1056,22.60000000,1762084799999,2.38656000,1,0.00000000,0.00000000,0
2025-11-02 12:00:00,0.1056,0.1056,0.1056,0.1056,0.00000000,1762099199999,0.00000000,0,0.00000000,0.00000000,0
2025-11-02 16:00:00,0.1056,0.1056,0.1056,0.1056,0.00000000,1762113599999,0.00000000,0,0.00000000,0.00000000,0
2025-11-02 20:00:00,0.1033,0.1033,0.1017,0.1017,20.90000000,1762127999999,2.14153000,2,10.00000000,1.03300000,0
2025-11-03 00:00:00,0.1,0.1,0.0987,0.0987,70.00000000,1762142399999,6.96100000,5,0.00000000,0.00000000,0
2025-11-03 04:00:00,0.0987,0.0987,0.0987,0.0987,0.00000000,1762156799999,0.00000000,0,0.00000000,0.00000000,0
2025-11-03 08:00:00,0.0987,0.0987,0.0987,0.0987,0.00000000,1762171199999,0.00000000,0,0.00000000,0.00000000,0
2025-11-03 12:00:00,0.09,0.09,0.09,0.09,11.70000000,1762185599999,1.05300000,1,0.00000000,0.00000000,0
2025-11-03 16:00:00,0.0901,0.0902,0.09,0.0901,205322.90000000,1762199999999,18510.54217000,72,15060.40000000,1357.52930000,0
2025-11-03 20:00:00,0.0901,0.0901,0.0901,0.0901,0.00000000,1762214399999,0.00000000,0,0.00000000,0.00000000,0
2025-11-04 00:00:00,0.0901,0.0901,0.0901,0.0901,0.00000000,1762228799999,0.00000000,0,0.00000000,0.00000000,0
2025-11-04 04:00:00,0.0901,0.0901,0.0901,0.0901,0.00000000,1762243199999,0.00000000,0,0.00000000,0.00000000,0
2025-11-04 08:00:00,0.0901,0.0901,0.0901,0.0901,0.00000000,1762257599999,0.00000000,0,0.00000000,0.00000000,0
2025-11-04 12:00:00,0.0901,0.0901,0.0901,0.0901,0.00000000,1762271999999,0.00000000,0,0.00000000,0.00000000,0
2025-11-04 16:00:00,0.0876,0.0876,0.0827,0.083,810.40000000,1762286399999,67.95750000,6,0.00000000,0.00000000,0
2025-11-04 20:00:00,0.0851,0.0851,0.0851,0.0851,376.80000000,1762300799999,32.06568000,1,0.00000000,0.00000000,0
2025-11-05 00:00:00,0.0844,0.0857,0.0844,0.0857,735.90000000,1762315199999,62.58745000,2,0.00000000,0.00000000,0
2025-11-05 04:00:00,0.0857,0.0857,0.0857,0.0857,0.00000000,1762329599999,0.00000000,0,0.00000000,0.00000000,0
2025-11-05 08:00:00,0.0857,0.0857,0.0857,0.0857,0.00000000,1762343999999,0.00000000,0,0.00000000,0.00000000,0
2025-11-05 12:00:00,0.0857,0.0857,0.0857,0.0857,0.00000000,1762358399999,0.00000000,0,0.00000000,0.00000000,0
2025-11-05 16:00:00,0.0857,0.0857,0.0857,0.0857,0.00000000,1762372799999,0.00000000,0,0.00000000,0.00000000,0
2025-11-05 20:00:00,0.0857,0.0857,0.0857,0.0857,0.00000000,1762387199999,0.00000000,0,0.00000000,0.00000000,0
2025-11-06 00:00:00,0.0857,0.0857,0.0857,0.0857,0.00000000,1762401599999,0.00000000,0,0.00000000,0.00000000,0
2025-11-06 04:00:00,0.0857,0.0857,0.0857,0.0857,0.00000000,1762415999999,0.00000000,0,0.00000000,0.00000000,0
2025-11-06 08:00:00,0.0857,0.0857,0.0857,0.0857,0.00000000,1762430399999,0.00000000,0,0.00000000,0.00000000,0
2025-11-06 12:00:00,0.0857,0.0857,0.0857,0.0857,0.00000000,1762444799999,0.00000000,0,0.00000000,0.00000000,0
2025-11-06 16:00:00,0.0857,0.0857,0.0857,0.0857,0.00000000,1762459199999,0.00000000,0,0.00000000,0.00000000,0
2025-11-06 20:00:00,0.0866,0.0866,0.0866,0.0866,57.40000000,1762473599999,4.97084000,1,57.40000000,4.97084000,0
2025-11-07 00:00:00,0.0866,0.0866,0.0866,0.0866,0.00000000,1762487999999,0.00000000,0,0.00000000,0.00000000,0
2025-11-07 04:00:00,0.0866,0.0866,0.0866,0.0866,0.00000000,1762502399999,0.00000000,0,0.00000000,0.00000000,0
2025-11-07 08:00:00,0.0866,0.0866,0.0866,0.0866,0.00000000,1762516799999,0.00000000,0,0.00000000,0.00000000,0
2025-11-07 12:00:00,0.0866,0.0866,0.0866,0.0866,0.00000000,1762531199999,0.00000000,0,0.00000000,0.00000000,0
2025-11-07 16:00:00,0.096,0.096,0.096,0.096,204981.60000000,1762545599999,19678.23360000,9,204981.60000000,19678.23360000,0
2025-11-07 20:00:00,0.096,0.096,0.096,0.096,0.00000000,1762559999999,0.00000000,0,0.00000000,0.00000000,0
2025-11-08 00:00:00,0.096,0.096,0.096,0.096,0.00000000,1762574399999,0.00000000,0,0.00000000,0.00000000,0
2025-11-08 04:00:00,0.096,0.096,0.096,0.096,0.00000000,1762588799999,0.00000000,0,0.00000000,0.00000000,0
2025-11-08 08:00:00,0.096,0.096,0.096,0.096,0.00000000,1762603199999,0.00000000,0,0.00000000,0.00000000,0
2025-11-08 12:00:00,0.096,0.096,0.096,0.096,0.00000000,1762617599999,0.00000000,0,0.00000000,0.00000000,0
2025-11-08 16:00:00,0.096,0.096,0.096,0.096,0.00000000,1762631999999,0.00000000,0,0.00000000,0.00000000,0
2025-11-08 20:00:00,0.096,0.096,0.096,0.096,0.00000000,1762646399999,0.00000000,0,0.00000000,0.00000000,0
2025-11-09 00:00:00,0.096,0.096,0.096,0.096,0.00000000,1762660799999,0.00000000,0,0.00000000,0.00000000,0
2025-11-09 04:00:00,0.096,0.096,0.096,0.096,0.00000000,1762675199999,0.00000000,0,0.00000000,0.00000000,0
2025-11-09 08:00:00,0.096,0.096,0.096,0.096,0.00000000,1762689599999,0.00000000,0,0.00000000,0.00000000,0
2025-11-09 12:00:00,0.096,0.096,0.096,0.096,0.00000000,1762703999999,0.00000000,0,0.00000000,0.00000000,0
2025-11-09 16:00:00,0.096,0.096,0.096,0.096,0.00000000,1762718399999,0.00000000,0,0.00000000,0.00000000,0
2025-11-09 20:00:00,0.096,0.096,0.096,0.096,0.00000000,1762732799999,0.00000000,0,0.00000000,0.00000000,0
2025-11-10 00:00:00,0.096,0.096,0.096,0.096,0.00000000,1762747199999,0.00000000,0,0.00000000,0.00000000,0
2025-11-10 04:00:00,0.096,0.096,0.096,0.096,0.00000000,1762761599999,0.00000000,0,0.00000000,0.00000000,0
2025-11-10 08:00:00,0.096,0.096,0.096,0.096,0.00000000,1762775999999,0.00000000,0,0.00000000,0.00000000,0
2025-11-10 12:00:00,0.096,0.096,0.096,0.096,0.00000000,1762790399999,0.00000000,0,0.00000000,0.00000000,0
2025-11-10 16:00:00,0.096,0.096,0.096,0.096,0.00000000,1762804799999,0.00000000,0,0.00000000,0.00000000,0
2025-11-10 20:00:00,0.096,0.096,0.096,0.096,0.00000000,1762819199999,0.00000000,0,0.00000000,0.00000000,0
2025-11-11 00:00:00,0.096,0.096,0.096,0.096,0.00000000,1762833599999,0.00000000,0,0.00000000,0.00000000,0
2025-11-11 04:00:00,0.096,0.096,0.096,0.096,0.00000000,1762847999999,0.00000000,0,0.00000000,0.00000000,0
2025-11-11 08:00:00,0.096,0.096,0.096,0.096,0.00000000,1762862399999,0.00000000,0,0.00000000,0.00000000,0
2025-11-11 12:00:00,0.096,0.096,0.096,0.096,0.00000000,1762876799999,0.00000000,0,0.00000000,0.00000000,0
2025-11-11 16:00:00,0.096,0.096,0.096,0.096,0.00000000,1762891199999,0.00000000,0,0.00000000,0.00000000,0
2025-11-11 20:00:00,0.096,0.096,0.096,0.096,0.00000000,1762905599999,0.00000000,0,0.00000000,0.00000000,0
2025-11-12 00:00:00,0.096,0.096,0.096,0.096,0.00000000,1762919999999,0.00000000,0,0.00000000,0.00000000,0
2025-11-12 04:00:00,0.096,0.096,0.096,0.096,0.00000000,1762934399999,0.00000000,0,0.00000000,0.00000000,0
2025-11-12 08:00:00,0.096,0.096,0.096,0.096,0.00000000,1762948799999,0.00000000,0,0.00000000,0.00000000,0
2025-11-12 12:00:00,0.096,0.096,0.096,0.096,0.00000000,1762963199999,0.00000000,0,0.00000000,0.00000000,0
2025-11-12 16:00:00,0.0913,0.0914,0.0912,0.0912,2394.40000000,1762977599999,218.51336000,4,2394.40000000,218.51336000,0
2025-11-12 20:00:00,0.0912,0.0912,0.0912,0.0912,0.00000000,1762991999999,0.00000000,0,0.00000000,0.00000000,0
2025-11-13 00:00:00,0.0912,0.0912,0.0912,0.0912,0.00000000,1763006399999,0.00000000,0,0.00000000,0.00000000,0
2025-11-13 04:00:00,0.0912,0.0912,0.0912,0.0912,0.00000000,1763020799999,0.00000000,0,0.00000000,0.00000000,0
2025-11-13 08:00:00,0.092,0.092,0.092,0.092,1096.50000000,1763035199999,100.87800000,2,0.00000000,0.00000000,0
2025-11-13 12:00:00,0.092,0.092,0.092,0.092,0.00000000,1763049599999,0.00000000,0,0.00000000,0.00000000,0
2025-11-13 16:00:00,0.092,0.092,0.092,0.092,0.00000000,1763063999999,0.00000000,0,0.00000000,0.00000000,0
2025-11-13 20:00:00,0.0848,0.0848,0.0846,0.0848,86893.30000000,1763078399999,7366.60870000,8,15312.20000000,1296.53142000,0
2025-11-14 00:00:00,0.0848,0.0848,0.0848,0.0848,0.00000000,1763092799999,0.00000000,0,0.00000000,0.00000000,0
2025-11-14 04:00:00,0.0848,0.0848,0.0848,0.0848,0.00000000,1763107199999,0.00000000,0,0.00000000,0.00000000,0
2025-11-14 08:00:00,0.0848,0.0848,0.0848,0.0848,0.00000000,1763121599999,0.00000000,0,0.00000000,0.00000000,0
2025-11-14 12:00:00,0.0829,0.0829,0.0828,0.0828,232.00000000,1763135999999,19.21857000,2,0.00000000,0.00000000,0
2025-11-14 16:00:00,0.0828,0.0828,0.0828,0.0828,0.00000000,1763150399999,0.00000000,0,0.00000000,0.00000000,0
2025-11-14 20:00:00,0.0811,0.0811,0.0811,0.0811,73.20000000,1763164799999,5.93652000,1,73.20000000,5.93652000,0
2025-11-15 00:00:00,0.0844,0.0844,0.0844,0.0844,72.70000000,1763179199999,6.13588000,1,0.00000000,0.00000000,0
2025-11-15 04:00:00,0.0844,0.0844,0.0844,0.0844,0.00000000,1763193599999,0.00000000,0,0.00000000,0.00000000,0
2025-11-15 08:00:00,0.0844,0.0844,0.0844,0.0844,0.00000000,1763207999999,0.00000000,0,0.00000000,0.00000000,0
2025-11-15 12:00:00,0.0844,0.0844,0.0844,0.0844,0.00000000,1763222399999,0.00000000,0,0.00000000,0.00000000,0
2025-11-15 16:00:00,0.0844,0.0844,0.0844,0.0844,0.00000000,1763236799999,0.00000000,0,0.00000000,0.00000000,0
2025-11-15 20:00:00,0.0844,0.0844,0.0844,0.0844,0.00000000,1763251199999,0.00000000,0,0.00000000,0.00000000,0
2025-11-16 00:00:00,0.0844,0.0844,0.0844,0.0844,0.00000000,1763265599999,0.00000000,0,0.00000000,0.00000000,0
2025-11-16 04:00:00,0.0844,0.0844,0.0844,0.0844,0.00000000,1763279999999,0.00000000,0,0.00000000,0.00000000,0
2025-11-16 08:00:00,0.0844,0.0844,0.0844,0.0844,0.00000000,1763294399999,0.00000000,0,0.00000000,0.00000000,0
2025-11-16 12:00:00,0.0819,0.0819,0.0819,0.0819,177.70000000,1763308799999,14.55363000,1,177.70000000,14.55363000,0
2025-11-16 16:00:00,0.0819,0.0819,0.0819,0.0819,0.00000000,1763323199999,0.00000000,0,0.00000000,0.00000000,0
2025-11-16 20:00:00,0.0801,0.0801,0.0801,0.0801,62.20000000,1763337599999,4.98222000,1,62.20000000,4.98222000,0
2025-11-17 00:00:00,0.08,0.08,0.0788,0.0795,169.80000000,1763351999999,13.46842000,4,0.00000000,0.00000000,0
2025-11-17 04:00:00,0.0795,0.0795,0.0795,0.0795,0.00000000,1763366399999,0.00000000,0,0.00000000,0.00000000,0
2025-11-17 08:00:00,0.0795,0.0795,0.0795,0.0795,0.00000000,1763380799999,0.00000000,0,0.00000000,0.00000000,0
2025-11-17 12:00:00,0.0798,0.0798,0.0798,0.0798,177.30000000,1763395199999,14.14854000,1,0.00000000,0.00000000,0
2025-11-17 16:00:00,0.0765,0.0765,0.0759,0.0762,1203.30000000,1763409599999,91.41918000,4,195.70000000,14.91234000,0
2025-11-17 20:00:00,0.0763,0.0763,0.0763,0.0763,15.70000000,1763423999999,1.19791000,1,15.70000000,1.19791000,0
2025-11-18 00:00:00,0.0702,0.0702,0.06,0.06,256.40000000,1763438399999,17.11988000,9,0.00000000,0.00000000,0
2025-11-18 04:00:00,0.06,0.06,0.06,0.06,0.00000000,1763452799999,0.00000000,0,0.00000000,0.00000000,0
2025-11-18 08:00:00,0.0791,0.0791,0.0791,0.0791,37.90000000,1763467199999,2.99789000,1,37.90000000,2.99789000,0
2025-11-18 12:00:00,0.0791,0.0791,0.0791,0.0791,0.00000000,1763481599999,0.00000000,0,0.00000000,0.00000000,0
2025-11-18 16:00:00,0.0793,0.0793,0.0793,0.0793,15.60000000,1763495999999,1.23708000,1,0.00000000,0.00000000,0
2025-11-18 20:00:00,0.0793,0.0793,0.0793,0.0793,0.00000000,1763510399999,0.00000000,0,0.00000000,0.00000000,0
2025-11-19 00:00:00,0.0793,0.0793,0.0793,0.0793,0.00000000,1763524799999,0.00000000,0,0.00000000,0.00000000,0
2025-11-19 04:00:00,0.0793,0.0793,0.0793,0.0793,0.00000000,1763539199999,0.00000000,0,0.00000000,0.00000000,0
2025-11-19 08:00:00,0.0793,0.0793,0.0793,0.0793,0.00000000,1763553599999,0.00000000,0,0.00000000,0.00000000,0
2025-11-19 12:00:00,0.0793,0.0793,0.0793,0.0793,0.00000000,1763567999999,0.00000000,0,0.00000000,0.00000000,0
2025-11-19 16:00:00,0.0793,0.0793,0.0793,0.0793,0.00000000,1763582399999,0.00000000,0,0.00000000,0.00000000,0
2025-11-19 20:00:00,0.0724,0.0724,0.0724,0.0724,109.40000000,1763596799999,7.92056000,1,0.00000000,0.00000000,0
2025-11-20 00:00:00,0.0724,0.0724,0.0724,0.0724,0.00000000,1763611199999,0.00000000,0,0.00000000,0.00000000,0
2025-11-20 04:00:00,0.0724,0.0724,0.0724,0.0724,0.00000000,1763625599999,0.00000000,0,0.00000000,0.00000000,0
2025-11-20 08:00:00,0.0724,0.0724,0.0724,0.0724,0.00000000,1763639999999,0.00000000,0,0.00000000,0.00000000,0
2025-11-20 12:00:00,0.0724,0.0724,0.0724,0.0724,0.00000000,1763654399999,0.00000000,0,0.00000000,0.00000000,0
2025-11-20 16:00:00,0.0734,0.0734,0.0734,0.0734,23.00000000,1763668799999,1.68820000,1,23.00000000,1.68820000,0
2025-11-20 20:00:00,0.0746,0.0746,0.0746,0.0746,66.80000000,1763683199999,4.98328000,1,66.80000000,4.98328000,0
2025-11-21 00:00:00,0.0746,0.0746,0.0746,0.0746,0.00000000,1763697599999,0.00000000,0,0.00000000,0.00000000,0
2025-11-21 04:00:00,0.0746,0.0746,0.0746,0.0746,0.00000000,1763711999999,0.00000000,0,0.00000000,0.00000000,0
2025-11-21 08:00:00,0.0746,0.0746,0.0746,0.0746,0.00000000,1763726399999,0.00000000,0,0.00000000,0.00000000,0
2025-11-21 12:00:00,0.0705,0.0705,0.0705,0.0705,645.80000000,1763740799999,45.52890000,1,0.00000000,0.00000000,0
2025-11-21 16:00:00,0.0705,0.0705,0.0705,0.0705,0.00000000,1763755199999,0.00000000,0,0.00000000,0.00000000,0
2025-11-21 20:00:00,0.0684,0.0684,0.0684,0.0684,251.20000000,1763769599999,17.18208000,1,0.00000000,0.00000000,0
2025-11-22 00:00:00,0.0684,0.0684,0.0684,0.0684,0.00000000,1763783999999,0.00000000,0,0.00000000,0.00000000,0
2025-11-22 04:00:00,0.0684,0.0684,0.0684,0.0684,0.00000000,1763798399999,0.00000000,0,0.00000000,0.00000000,0
2025-11-22 08:00:00,0.0684,0.0684,0.0684,0.0684,0.00000000,1763812799999,0.00000000,0,0.00000000,0.00000000,0
2025-11-22 12:00:00,0.0684,0.0684,0.0684,0.0684,0.00000000,1763827199999,0.00000000,0,0.00000000,0.00000000,0
2025-11-22 16:00:00,0.0678,0.0678,0.0678,0.0678,737.40000000,1763841599999,49.99572000,1,737.40000000,49.99572000,0
2025-11-22 20:00:00,0.0678,0.0678,0.0678,0.0678,0.00000000,1763855999999,0.00000000,0,0.00000000,0.00000000,0
2025-11-23 00:00:00,0.0678,0.0678,0.0678,0.0678,0.00000000,1763870399999,0.00000000,0,0.00000000,0.00000000,0
2025-11-23 04:00:00,0.0678,0.0678,0.0678,0.0678,0.00000000,1763884799999,0.00000000,0,0.00000000,0.00000000,0
2025-11-23 08:00:00,0.0678,0.0678,0.0678,0.0678,0.00000000,1763899199999,0.00000000,0,0.00000000,0.00000000,0
2025-11-23 12:00:00,0.0678,0.0678,0.0678,0.0678,0.00000000,1763913599999,0.00000000,0,0.00000000,0.00000000,0
2025-11-23 16:00:00,0.0678,0.0678,0.0678,0.0678,0.00000000,1763927999999,0.00000000,0,0.00000000,0.00000000,0
2025-11-23 20:00:00,0.0678,0.0678,0.0678,0.0678,0.00000000,1763942399999,0.00000000,0,0.00000000,0.00000000,0
2025-11-24 00:00:00,0.0678,0.0678,0.0678,0.0678,0.00000000,1763956799999,0.00000000,0,0.00000000,0.00000000,0
2025-11-24 04:00:00,0.0678,0.0678,0.0678,0.0678,0.00000000,1763971199999,0.00000000,0,0.00000000,0.00000000,0
2025-11-24 08:00:00,0.0678,0.0678,0.0678,0.0678,0.00000000,1763985599999,0.00000000,0,0.00000000,0.00000000,0
2025-11-24 12:00:00,0.0678,0.0678,0.0678,0.0678,0.00000000,1763999999999,0.00000000,0,0.00000000,0.00000000,0
2025-11-24 16:00:00,0.0678,0.0678,0.0678,0.0678,0.00000000,1764014399999,0.00000000,0,0.00000000,0.00000000,0
2025-11-24 20:00:00,0.0678,0.0678,0.0678,0.0678,0.00000000,1764028799999,0.00000000,0,0.00000000,0.00000000,0
2025-11-25 00:00:00,0.0678,0.0678,0.0678,0.0678,0.00000000,1764043199999,0.00000000,0,0.00000000,0.00000000,0
2025-11-25 04:00:00,0.0763,0.0763,0.0763,0.0763,22.90000000,1764057599999,1.74727000,1,0.00000000,0.00000000,0
2025-11-25 08:00:00,0.0763,0.0763,0.0763,0.0763,0.00000000,1764071999999,0.00000000,0,0.00000000,0.00000000,0
2025-11-25 12:00:00,0.0784,0.0784,0.0784,0.0784,3164.70000000,1764086399999,248.11248000,1,3164.70000000,248.11248000,0
2025-11-25 16:00:00,0.0784,0.0784,0.0784,0.0784,0.00000000,1764100799999,0.00000000,0,0.00000000,0.00000000,0
2025-11-25 20:00:00,0.0784,0.0784,0.0784,0.0784,0.00000000,1764115199999,0.00000000,0,0.00000000,0.00000000,0
2025-11-26 00:00:00,0.0784,0.0784,0.0784,0.0784,0.00000000,1764129599999,0.00000000,0,0.00000000,0.00000000,0
2025-11-26 04:00:00,0.0785,0.0785,0.0785,0.0785,127.30000000,1764143999999,9.99305000,1,0.00000000,0.00000000,0
2025-11-26 08:00:00,0.0785,0.0785,0.0785,0.0785,0.00000000,1764158399999,0.00000000,0,0.00000000,0.00000000,0
2025-11-26 12:00:00,0.0785,0.0785,0.0785,0.0785,0.00000000,1764172799999,0.00000000,0,0.00000000,0.00000000,0
2025-11-26 16:00:00,0.0785,0.0785,0.0785,0.0785,0.00000000,1764187199999,0.00000000,0,0.00000000,0.00000000,0
2025-11-26 20:00:00,0.0785,0.0785,0.0785,0.0785,0.00000000,1764201599999,0.00000000,0,0.00000000,0.00000000,0
2025-11-27 00:00:00,0.0785,0.0785,0.0785,0.0785,0.00000000,1764215999999,0.00000000,0,0.00000000,0.00000000,0
2025-11-27 04:00:00,0.0785,0.0785,0.0785,0.0785,0.00000000,1764230399999,0.00000000,0,0.00000000,0.00000000,0
2025-11-27 08:00:00,0.0785,0.0785,0.0785,0.0785,0.00000000,1764244799999,0.00000000,0,0.00000000,0.00000000,0
2025-11-27 12:00:00,0.0785,0.0785,0.0785,0.0785,0.00000000,1764259199999,0.00000000,0,0.00000000,0.00000000,0
2025-11-27 16:00:00,0.0785,0.0785,0.0785,0.0785,0.00000000,1764273599999,0.00000000,0,0.00000000,0.00000000,0
2025-11-27 20:00:00,0.0796,0.0796,0.0796,0.0796,62.60000000,1764287999999,4.98296000,1,62.60000000,4.98296000,0
2025-11-28 00:00:00,0.0796,0.0796,0.0796,0.0796,0.00000000,1764302399999,0.00000000,0,0.00000000,0.00000000,0
2025-11-28 04:00:00,0.0796,0.0796,0.0796,0.0796,0.00000000,1764316799999,0.00000000,0,0.00000000,0.00000000,0
2025-11-28 08:00:00,0.0796,0.0796,0.0796,0.0796,0.00000000,1764331199999,0.00000000,0,0.00000000,0.00000000,0
2025-11-28 12:00:00,0.0799,0.094,0.0799,0.094,3196.30000000,1764345599999,300.00664000,2,3196.30000000,300.00664000,0
2025-11-28 16:00:00,0.0839,0.0839,0.0832,0.0832,1095.50000000,1764359999999,91.82866000,2,1095.50000000,91.82866000,0
2025-11-28 20:00:00,0.0811,0.0811,0.0811,0.0811,50.30000000,1764374399999,4.07933000,1,50.30000000,4.07933000,0
2025-11-29 00:00:00,0.0821,0.0821,0.0821,0.0821,331.10000000,1764388799999,27.18331000,1,0.00000000,0.00000000,0
2025-11-29 04:00:00,0.0821,0.0821,0.0821,0.0821,0.00000000,1764403199999,0.00000000,0,0.00000000,0.00000000,0
2025-11-29 08:00:00,0.0821,0.0821,0.0821,0.0821,0.00000000,1764417599999,0.00000000,0,0.00000000,0.00000000,0
2025-11-29 12:00:00,0.0821,0.0821,0.0821,0.0821,0.00000000,1764431999999,0.00000000,0,0.00000000,0.00000000,0
2025-11-29 16:00:00,0.0821,0.0821,0.0821,0.0821,0.00000000,1764446399999,0.00000000,0,0.00000000,0.00000000,0
2025-11-29 20:00:00,0.0821,0.0821,0.0821,0.0821,0.00000000,1764460799999,0.00000000,0,0.00000000,0.00000000,0
2025-11-30 00:00:00,0.0784,0.0784,0.0784,0.0784,1100.90000000,1764475199999,86.31056000,2,0.00000000,0.00000000,0
2025-11-30 04:00:00,0.0784,0.0784,0.0784,0.0784,0.00000000,1764489599999,0.00000000,0,0.00000000,0.00000000,0
2025-11-30 08:00:00,0.0784,0.0784,0.0784,0.0784,0.00000000,1764503999999,0.00000000,0,0.00000000,0.00000000,0
2025-11-30 12:00:00,0.0784,0.0784,0.0784,0.0784,0.00000000,1764518399999,0.00000000,0,0.00000000,0.00000000,0
2025-11-30 16:00:00,0.0784,0.0784,0.0784,0.0784,0.00000000,1764532799999,0.00000000,0,0.00000000,0.00000000,0
2025-11-30 20:00:00,0.0784,0.0784,0.0784,0.0784,0.00000000,1764547199999,0.00000000,0,0.00000000,0.00000000,0
2025-12-01 00:00:00,0.0784,0.0784,0.0784,0.0784,0.00000000,1764561599999,0.00000000,0,0.00000000,0.00000000,0
2025-12-01 04:00:00,0.0784,0.0784,0.0784,0.0784,0.00000000,1764575999999,0.00000000,0,0.00000000,0.00000000,0
2025-12-01 08:00:00,0.0784,0.0784,0.0784,0.0784,0.00000000,1764590399999,0.00000000,0,0.00000000,0.00000000,0
2025-12-01 12:00:00,0.0784,0.0784,0.0784,0.0784,0.00000000,1764604799999,0.00000000,0,0.00000000,0.00000000,0
2025-12-01 16:00:00,0.0784,0.0784,0.0784,0.0784,0.00000000,1764619199999,0.00000000,0,0.00000000,0.00000000,0
2025-12-01 20:00:00,0.0784,0.0784,0.0784,0.0784,0.00000000,1764633599999,0.00000000,0,0.00000000,0.00000000,0
2025-12-02 00:00:00,0.0784,0.0784,0.0784,0.0784,0.00000000,1764647999999,0.00000000,0,0.00000000,0.00000000,0
2025-12-02 04:00:00,0.0784,0.0784,0.0784,0.0784,0.00000000,1764662399999,0.00000000,0,0.00000000,0.00000000,0
2025-12-02 08:00:00,0.0784,0.0784,0.0784,0.0784,0.00000000,1764676799999,0.00000000,0,0.00000000,0.00000000,0
2025-12-02 12:00:00,0.0734,0.074,0.0734,0.074,3796.90000000,1764691199999,279.51266000,2,3796.90000000,279.51266000,0
2025-12-02 16:00:00,0.0749,0.0749,0.0749,0.0749,95.10000000,1764705599999,7.12299000,1,95.10000000,7.12299000,0
2025-12-02 20:00:00,0.0749,0.0749,0.0749,0.0749,0.00000000,1764719999999,0.00000000,0,0.00000000,0.00000000,0
2025-12-03 00:00:00,0.0762,0.0762,0.0762,0.0762,3796.90000000,1764734399999,289.32378000,1,0.00000000,0.00000000,0
2025-12-03 04:00:00,0.0762,0.0762,0.0762,0.0762,0.00000000,1764748799999,0.00000000,0,0.00000000,0.00000000,0
2025-12-03 08:00:00,0.0762,0.0762,0.0762,0.0762,0.00000000,1764763199999,0.00000000,0,0.00000000,0.00000000,0
2025-12-03 12:00:00,0.0762,0.0762,0.0762,0.0762,0.00000000,1764777599999,0.00000000,0,0.00000000,0.00000000,0
2025-12-03 16:00:00,0.0762,0.0762,0.0762,0.0762,0.00000000,1764791999999,0.00000000,0,0.00000000,0.00000000,0
2025-12-03 20:00:00,0.0762,0.0762,0.0762,0.0762,0.00000000,1764806399999,0.00000000,0,0.00000000,0.00000000,0
2025-12-04 00:00:00,0.0762,0.0762,0.0762,0.0762,0.00000000,1764820799999,0.00000000,0,0.00000000,0.00000000,0
2025-12-04 04:00:00,0.0762,0.0762,0.0762,0.0762,0.00000000,1764835199999,0.00000000,0,0.00000000,0.00000000,0
2025-12-04 08:00:00,0.0762,0.0762,0.0762,0.0762,0.00000000,1764849599999,0.00000000,0,0.00000000,0.00000000,0
2025-12-04 12:00:00,0.0762,0.0762,0.0762,0.0762,0.00000000,1764863999999,0.00000000,0,0.00000000,0.00000000,0
2025-12-04 16:00:00,0.0762,0.0762,0.0762,0.0762,0.00000000,1764878399999,0.00000000,0,0.00000000,0.00000000,0
2025-12-04 20:00:00,0.0768,0.0768,0.0768,0.0768,64.70000000,1764892799999,4.96896000,1,64.70000000,4.96896000,0
2025-12-05 00:00:00,0.0768,0.0768,0.0768,0.0768,0.00000000,1764907199999,0.00000000,0,0.00000000,0.00000000,0
2025-12-05 04:00:00,0.0768,0.0768,0.0768,0.0768,0.00000000,1764921599999,0.00000000,0,0.00000000,0.00000000,0
2025-12-05 08:00:00,0.0768,0.0768,0.0768,0.0768,0.00000000,1764935999999,0.00000000,0,0.00000000,0.00000000,0
2025-12-05 12:00:00,0.0768,0.0768,0.0768,0.0768,0.00000000,1764950399999,0.00000000,0,0.00000000,0.00000000,0
2025-12-05 16:00:00,0.0768,0.0768,0.0768,0.0768,0.00000000,1764964799999,0.00000000,0,0.00000000,0.00000000,0
2025-12-05 20:00:00,0.0768,0.0768,0.0768,0.0768,0.00000000,1764979199999,0.00000000,0,0.00000000,0.00000000,0
2025-12-06 00:00:00,0.0768,0.0768,0.0768,0.0768,0.00000000,1764993599999,0.00000000,0,0.00000000,0.00000000,0
2025-12-06 04:00:00,0.0768,0.0768,0.0768,0.0768,0.00000000,1765007999999,0.00000000,0,0.00000000,0.00000000,0
2025-12-06 08:00:00,0.0768,0.0768,0.0768,0.0768,0.00000000,1765022399999,0.00000000,0,0.00000000,0.00000000,0
2025-12-06 12:00:00,0.0768,0.0768,0.0768,0.0768,0.00000000,1765036799999,0.00000000,0,0.00000000,0.00000000,0
2025-12-06 16:00:00,0.0768,0.0768,0.0768,0.0768,0.00000000,1765051199999,0.00000000,0,0.00000000,0.00000000,0
2025-12-06 20:00:00,0.084,0.112,0.0796,0.0964,229051.40000000,1765065599999,21048.65855000,69,100393.20000000,10392.96647000,0
2025-12-07 00:00:00,0.1079,0.1293,0.102,0.1293,76642.80000000,1765079999999,8258.78038000,43,20995.30000000,2234.24904000,0
2025-12-07 04:00:00,0.1288,0.1288,0.1048,0.1048,3125.00000000,1765094399999,395.48888000,4,3052.10000000,387.84896000,0
2025-12-07 08:00:00,0.1002,0.1002,0.1002,0.1002,135.60000000,1765108799999,13.58712000,1,0.00000000,0.00000000,0
2025-12-07 12:00:00,0.1253,0.1254,0.0997,0.0997,11385.20000000,1765123199999,1150.30887000,7,449.50000000,56.34647000,0
2025-12-07 16:00:00,0.1118,0.1175,0.0998,0.0998,304.30000000,1765137599999,32.40101000,3,161.20000000,18.11963000,0
2025-12-07 20:00:00,0.0998,0.0998,0.0998,0.0998,0.00000000,1765151999999,0.00000000,0,0.00000000,0.00000000,0
2025-12-08 00:00:00,0.0998,0.0998,0.0998,0.0998,0.00000000,1765166399999,0.00000000,0,0.00000000,0.00000000,0
2025-12-08 04:00:00,0.0998,0.0998,0.0998,0.0998,0.00000000,1765180799999,0.00000000,0,0.00000000,0.00000000,0
2025-12-08 08:00:00,0.0998,0.1175,0.0997,0.1175,544.30000000,1765195199999,62.86649000,4,482.90000000,56.74075000,0
2025-12-08 12:00:00,0.1175,0.1175,0.1175,0.1175,0.00000000,1765209599999,0.00000000,0,0.00000000,0.00000000,0
2025-12-08 16:00:00,0.1175,0.1175,0.1175,0.1175,0.00000000,1765223999999,0.00000000,0,0.00000000,0.00000000,0
2025-12-08 20:00:00,0.1175,0.1175,0.1175,0.1175,0.00000000,1765238399999,0.00000000,0,0.00000000,0.00000000,0
2025-12-09 00:00:00,0.1175,0.1175,0.1175,0.1175,0.00000000,1765252799999,0.00000000,0,0.00000000,0.00000000,0
2025-12-09 04:00:00,0.1175,0.1175,0.1175,0.1175,0.00000000,1765267199999,0.00000000,0,0.00000000,0.00000000,0
2025-12-09 08:00:00,0.1175,0.1175,0.1175,0.1175,0.00000000,1765281599999,0.00000000,0,0.00000000,0.00000000,0
2025-12-09 12:00:00,0.1175,0.1175,0.1175,0.1175,0.00000000,1765295999999,0.00000000,0,0.00000000,0.00000000,0
2025-12-09 16:00:00,0.1175,0.1175,0.1175,0.1175,0.00000000,1765310399999,0.00000000,0,0.00000000,0.00000000,0
2025-12-09 20:00:00,0.1175,0.1175,0.1175,0.1175,0.00000000,1765324799999,0.00000000,0,0.00000000,0.00000000,0
2025-12-10 00:00:00,0.1173,0.1173,0.1173,0.1173,25.50000000,1765339199999,2.99115000,1,25.50000000,2.99115000,0
2025-12-10 04:00:00,0.1173,0.1173,0.1173,0.1173,0.00000000,1765353599999,0.00000000,0,0.00000000,0.00000000,0
2025-12-10 08:00:00,0.1173,0.1173,0.1173,0.1173,0.00000000,1765367999999,0.00000000,0,0.00000000,0.00000000,0
2025-12-10 12:00:00,0.1173,0.1173,0.1173,0.1173,0.00000000,1765382399999,0.00000000,0,0.00000000,0.00000000,0
2025-12-10 16:00:00,0.1173,0.1173,0.1173,0.1173,0.00000000,1765396799999,0.00000000,0,0.00000000,0.00000000,0
2025-12-10 20:00:00,0.1173,0.1173,0.1173,0.1173,0.00000000,1765411199999,0.00000000,0,0.00000000,0.00000000,0
2025-12-11 00:00:00,0.1173,0.1173,0.1173,0.1173,0.00000000,1765425599999,0.00000000,0,0.00000000,0.00000000,0
2025-12-11 04:00:00,0.1173,0.1173,0.1173,0.1173,0.00000000,1765439999999,0.00000000,0,0.00000000,0.00000000,0
2025-12-11 08:00:00,0.1173,0.1173,0.1173,0.1173,0.00000000,1765454399999,0.00000000,0,0.00000000,0.00000000,0
2025-12-11 12:00:00,0.1173,0.1173,0.1173,0.1173,0.00000000,1765468799999,0.00000000,0,0.00000000,0.00000000,0
2025-12-11 16:00:00,0.1173,0.1173,0.1173,0.1173,0.00000000,1765483199999,0.00000000,0,0.00000000,0.00000000,0
2025-12-11 20:00:00,0.1174,0.1174,0.1174,0.1174,42.40000000,1765497599999,4.97776000,1,42.40000000,4.97776000,0
2025-12-12 00:00:00,0.1174,0.1174,0.1174,0.1174,0.00000000,1765511999999,0.00000000,0,0.00000000,0.00000000,0
2025-12-12 04:00:00,0.0997,0.0997,0.0997,0.0997,62.00000000,1765526399999,6.18140000,2,0.00000000,0.00000000,0
2025-12-12 08:00:00,0.0997,0.0997,0.0997,0.0997,0.00000000,1765540799999,0.00000000,0,0.00000000,0.00000000,0
2025-12-12 12:00:00,0.0997,0.0997,0.0997,0.0997,0.00000000,1765555199999,0.00000000,0,0.00000000,0.00000000,0
2025-12-12 16:00:00,0.0997,0.0997,0.0997,0.0997,0.00000000,1765569599999,0.00000000,0,0.00000000,0.00000000,0
2025-12-12 20:00:00,0.0997,0.0997,0.0997,0.0997,0.00000000,1765583999999,0.00000000,0,0.00000000,0.00000000,0
2025-12-13 00:00:00,0.0997,0.0997,0.0997,0.0997,0.00000000,1765598399999,0.00000000,0,0.00000000,0.00000000,0
2025-12-13 04:00:00,0.0997,0.0997,0.0997,0.0997,47.50000000,1765612799999,4.73575000,1,0.00000000,0.00000000,0
2025-12-13 08:00:00,0.0997,0.0997,0.0997,0.0997,0.00000000,1765627199999,0.00000000,0,0.00000000,0.00000000,0
2025-12-13 12:00:00,0.0997,0.0997,0.0997,0.0997,0.00000000,1765641599999,0.00000000,0,0.00000000,0.00000000,0
2025-12-13 16:00:00,0.0997,0.0997,0.0997,0.0997,0.00000000,1765655999999,0.00000000,0,0.00000000,0.00000000,0
2025-12-13 20:00:00,0.0997,0.0997,0.0997,0.0997,0.00000000,1765670399999,0.00000000,0,0.00000000,0.00000000,0
2025-12-14 00:00:00,0.0997,0.0997,0.0997,0.0997,0.00000000,1765684799999,0.00000000,0,0.00000000,0.00000000,0
2025-12-14 04:00:00,0.0997,0.0997,0.0997,0.0997,0.00000000,1765699199999,0.00000000,0,0.00000000,0.00000000,0
2025-12-14 08:00:00,0.0997,0.0997,0.0997,0.0997,0.00000000,1765713599999,0.00000000,0,0.00000000,0.00000000,0
2025-12-14 12:00:00,0.0997,0.0997,0.0997,0.0997,0.00000000,1765727999999,0.00000000,0,0.00000000,0.00000000,0
2025-12-14 16:00:00,0.0997,0.0997,0.0997,0.0997,0.00000000,1765742399999,0.00000000,0,0.00000000,0.00000000,0
2025-12-14 20:00:00,0.0997,0.0997,0.0997,0.0997,0.00000000,1765756799999,0.00000000,0,0.00000000,0.00000000,0
2025-12-15 00:00:00,0.0997,0.0997,0.0997,0.0997,0.00000000,1765771199999,0.00000000,0,0.00000000,0.00000000,0
2025-12-15 04:00:00,0.0997,0.0997,0.0997,0.0997,0.00000000,1765785599999,0.00000000,0,0.00000000,0.00000000,0
2025-12-15 08:00:00,0.0997,0.0997,0.0997,0.0997,0.00000000,1765799999999,0.00000000,0,0.00000000,0.00000000,0
2025-12-15 12:00:00,0.0997,0.0997,0.0997,0.0997,0.00000000,1765814399999,0.00000000,0,0.00000000,0.00000000,0
2025-12-15 16:00:00,0.0997,0.0997,0.0997,0.0997,0.00000000,1765828799999,0.00000000,0,0.00000000,0.00000000,0
2025-12-15 20:00:00,0.0997,0.0997,0.0997,0.0997,0.00000000,1765843199999,0.00000000,0,0.00000000,0.00000000,0
2025-12-16 00:00:00,0.0997,0.0997,0.0997,0.0997,0.00000000,1765857599999,0.00000000,0,0.00000000,0.00000000,0
2025-12-16 04:00:00,0.0997,0.0997,0.0997,0.0997,0.00000000,1765871999999,0.00000000,0,0.00000000,0.00000000,0
2025-12-16 08:00:00,0.0997,0.0997,0.0997,0.0997,0.00000000,1765886399999,0.00000000,0,0.00000000,0.00000000,0
2025-12-16 12:00:00,0.0997,0.0997,0.0997,0.0997,0.00000000,1765900799999,0.00000000,0,0.00000000,0.00000000,0
2025-12-16 16:00:00,0.0997,0.0997,0.0997,0.0997,0.00000000,1765915199999,0.00000000,0,0.00000000,0.00000000,0
2025-12-16 20:00:00,0.0997,0.0997,0.0997,0.0997,0.00000000,1765929599999,0.00000000,0,0.00000000,0.00000000,0
2025-12-17 00:00:00,0.0997,0.0997,0.0997,0.0997,0.00000000,1765943999999,0.00000000,0,0.00000000,0.00000000,0
2025-12-17 04:00:00,0.0997,0.0997,0.0997,0.0997,0.00000000,1765958399999,0.00000000,0,0.00000000,0.00000000,0
2025-12-17 08:00:00,0.0997,0.0997,0.0997,0.0997,0.00000000,1765972799999,0.00000000,0,0.00000000,0.00000000,0
2025-12-17 12:00:00,0.0997,0.0997,0.0997,0.0997,0.00000000,1765987199999,0.00000000,0,0.00000000,0.00000000,0
2025-12-17 16:00:00,0.0997,0.0997,0.0997,0.0997,0.00000000,1766001599999,0.00000000,0,0.00000000,0.00000000,0
2025-12-17 20:00:00,0.0997,0.0997,0.0997,0.0997,0.00000000,1766015999999,0.00000000,0,0.00000000,0.00000000,0
2025-12-18 00:00:00,0.0997,0.0997,0.0997,0.0997,0.00000000,1766030399999,0.00000000,0,0.00000000,0.00000000,0
2025-12-18 04:00:00,0.0997,0.0997,0.0997,0.0997,0.00000000,1766044799999,0.00000000,0,0.00000000,0.00000000,0
2025-12-18 08:00:00,0.0997,0.0997,0.0997,0.0997,0.00000000,1766059199999,0.00000000,0,0.00000000,0.00000000,0
2025-12-18 12:00:00,0.0997,0.0997,0.0997,0.0997,0.00000000,1766073599999,0.00000000,0,0.00000000,0.00000000,0
2025-12-18 16:00:00,0.0825,0.0825,0.0825,0.0825,16.10000000,1766087999999,1.32825000,1,0.00000000,0.00000000,0
2025-12-18 20:00:00,0.0825,0.0825,0.0825,0.0825,0.00000000,1766102399999,0.00000000,0,0.00000000,0.00000000,0
2025-12-19 00:00:00,0.0825,0.0825,0.0825,0.0825,0.00000000,1766116799999,0.00000000,0,0.00000000,0.00000000,0
2025-12-19 04:00:00,0.0825,0.0825,0.0825,0.0825,0.00000000,1766131199999,0.00000000,0,0.00000000,0.00000000,0
2025-12-19 08:00:00,0.0825,0.0825,0.0825,0.0825,0.00000000,1766145599999,0.00000000,0,0.00000000,0.00000000,0
2025-12-19 12:00:00,0.0825,0.0825,0.0825,0.0825,0.00000000,1766159999999,0.00000000,0,0.00000000,0.00000000,0
2025-12-19 16:00:00,0.0825,0.0825,0.0825,0.0825,0.00000000,1766174399999,0.00000000,0,0.00000000,0.00000000,0
2025-12-19 20:00:00,0.0825,0.0825,0.0825,0.0825,0.00000000,1766188799999,0.00000000,0,0.00000000,0.00000000,0
2025-12-20 00:00:00,0.0825,0.0825,0.0825,0.0825,0.00000000,1766203199999,0.00000000,0,0.00000000,0.00000000,0
2025-12-20 04:00:00,0.0825,0.0825,0.0825,0.0825,0.00000000,1766217599999,0.00000000,0,0.00000000,0.00000000,0
2025-12-20 08:00:00,0.0825,0.0825,0.0825,0.0825,0.00000000,1766231999999,0.00000000,0,0.00000000,0.00000000,0
2025-12-20 12:00:00,0.0825,0.0825,0.03,0.0301,5707.70000000,1766246399999,442.25659000,22,0.00000000,0.00000000,0
2025-12-20 16:00:00,0.0301,0.031,0.03,0.031,263.50000000,1766260799999,8.09909000,3,0.00000000,0.00000000,0
2025-12-20 20:00:00,0.0694,0.1089,0.0694,0.1089,215.00000000,1766275199999,22.46945000,2,215.00000000,22.46945000,0
2025-12-21 00:00:00,0.1089,0.1089,0.1089,0.1089,0.00000000,1766289599999,0.00000000,0,0.00000000,0.00000000,0
2025-12-21 04:00:00,0.1089,0.1089,0.1089,0.1089,0.00000000,1766303999999,0.00000000,0,0.00000000,0.00000000,0
2025-12-21 08:00:00,0.1088,0.1088,0.1088,0.1088,24.20000000,1766318399999,2.63296000,1,24.20000000,2.63296000,0
2025-12-21 12:00:00,0.1089,0.1089,0.1089,0.1089,78.20000000,1766332799999,8.51598000,2,78.20000000,8.51598000,0
2025-12-21 16:00:00,0.1089,0.1089,0.1089,0.1089,0.00000000,1766347199999,0.00000000,0,0.00000000,0.00000000,0
2025-12-21 20:00:00,0.0718,0.1076,0.0606,0.1076,2014.50000000,1766361599999,165.19053000,7,1551.70000000,136.82901000,0
2025-12-22 00:00:00,0.1076,0.1076,0.1076,0.1076,0.00000000,1766375999999,0.00000000,0,0.00000000,0.00000000,0
2025-12-22 04:00:00,0.1076,0.1076,0.1076,0.1076,0.00000000,1766390399999,0.00000000,0,0.00000000,0.00000000,0
2025-12-22 08:00:00,0.1076,0.1076,0.1076,0.1076,0.00000000,1766404799999,0.00000000,0,0.00000000,0.00000000,0
2025-12-22 12:00:00,0.1076,0.1076,0.1076,0.1076,0.00000000,1766419199999,0.00000000,0,0.00000000,0.00000000,0
2025-12-22 16:00:00,0.1076,0.1076,0.1076,0.1076,0.00000000,1766433599999,0.00000000,0,0.00000000,0.00000000,0
2025-12-22 20:00:00,0.1076,0.1076,0.1076,0.1076,0.00000000,1766447999999,0.00000000,0,0.00000000,0.00000000,0
2025-12-23 00:00:00,0.1076,0.1076,0.1076,0.1076,0.00000000,1766462399999,0.00000000,0,0.00000000,0.00000000,0
2025-12-23 04:00:00,0.1076,0.1076,0.1076,0.1076,0.00000000,1766476799999,0.00000000,0,0.00000000,0.00000000,0
2025-12-23 08:00:00,0.1076,0.1076,0.1076,0.1076,0.00000000,1766491199999,0.00000000,0,0.00000000,0.00000000,0
2025-12-23 12:00:00,0.1076,0.1076,0.1076,0.1076,0.00000000,1766505599999,0.00000000,0,0.00000000,0.00000000,0
2025-12-23 16:00:00,0.1076,0.1076,0.1076,0.1076,0.00000000,1766519999999,0.00000000,0,0.00000000,0.00000000,0
2025-12-23 20:00:00,0.1076,0.1076,0.1076,0.1076,0.00000000,1766534399999,0.00000000,0,0.00000000,0.00000000,0
2025-12-24 00:00:00,0.1076,0.1076,0.1076,0.1076,0.00000000,1766548799999,0.00000000,0,0.00000000,0.00000000,0
2025-12-24 04:00:00,0.1076,0.1076,0.1076,0.1076,0.00000000,1766563199999,0.00000000,0,0.00000000,0.00000000,0
2025-12-24 08:00:00,0.1076,0.1076,0.1076,0.1076,0.00000000,1766577599999,0.00000000,0,0.00000000,0.00000000,0
2025-12-24 12:00:00,0.1076,0.1076,0.1076,0.1076,0.00000000,1766591999999,0.00000000,0,0.00000000,0.00000000,0
2025-12-24 16:00:00,0.1076,0.1076,0.1076,0.1076,0.00000000,1766606399999,0.00000000,0,0.00000000,0.00000000,0
2025-12-24 20:00:00,0.1076,0.1076,0.1076,0.1076,0.00000000,1766620799999,0.00000000,0,0.00000000,0.00000000,0
2025-12-25 00:00:00,0.1076,0.1076,0.1076,0.1076,0.00000000,1766635199999,0.00000000,0,0.00000000,0.00000000,0
2025-12-25 04:00:00,0.0709,0.0709,0.055,0.055,3911.60000000,1766649599999,276.88565000,2,3911.60000000,276.88565000,0
2025-12-25 08:00:00,0.055,0.055,0.055,0.055,0.00000000,1766663999999,0.00000000,0,0.00000000,0.00000000,0
2025-12-25 12:00:00,0.0799,0.0799,0.0314,0.0793,8255.30000000,1766678399999,627.53958000,10,7682.20000000,609.54424000,0
2025-12-25 16:00:00,0.0793,0.0793,0.0793,0.0793,0.00000000,1766692799999,0.00000000,0,0.00000000,0.00000000,0
2025-12-25 20:00:00,0.0794,0.0987,0.0338,0.0358,1721.30000000,1766707199999,131.44727000,11,1353.30000000,118.56726000,0
2025-12-26 00:00:00,0.0982,0.0987,0.0982,0.0987,371.90000000,1766721599999,36.64559000,6,371.90000000,36.64559000,0
2025-12-26 04:00:00,0.0987,0.0987,0.0987,0.0987,0.00000000,1766735999999,0.00000000,0,0.00000000,0.00000000,0
2025-12-26 08:00:00,0.0986,0.0986,0.0986,0.0986,1208.60000000,1766750399999,119.16796000,2,60.80000000,5.99488000,0
2025-12-26 12:00:00,0.0986,0.0986,0.0986,0.0986,0.00000000,1766764799999,0.00000000,0,0.00000000,0.00000000,0
2025-12-26 16:00:00,0.0986,0.0986,0.0986,0.0986,0.00000000,1766779199999,0.00000000,0,0.00000000,0.00000000,0
2025-12-26 20:00:00,0.0986,0.0986,0.0986,0.0986,0.00000000,1766793599999,0.00000000,0,0.00000000,0.00000000,0
2025-12-27 00:00:00,0.0986,0.0986,0.0986,0.0986,0.00000000,1766807999999,0.00000000,0,0.00000000,0.00000000,0
2025-12-27 04:00:00,0.0986,0.0986,0.0986,0.0986,0.00000000,1766822399999,0.00000000,0,0.00000000,0.00000000,0
2025-12-27 08:00:00,0.0982,0.0982,0.0982,0.0982,20.20000000,1766836799999,1.98364000,2,20.20000000,1.98364000,0
2025-12-27 12:00:00,0.0982,0.0982,0.0982,0.0982,0.00000000,1766851199999,0.00000000,0,0.00000000,0.00000000,0
2025-12-27 16:00:00,0.0982,0.0982,0.0982,0.0982,0.00000000,1766865599999,0.00000000,0,0.00000000,0.00000000,0
2025-12-27 20:00:00,0.0982,0.0982,0.0982,0.0982,0.00000000,1766879999999,0.00000000,0,0.00000000,0.00000000,0
2025-12-28 00:00:00,0.0982,0.0982,0.0982,0.0982,0.00000000,1766894399999,0.00000000,0,0.00000000,0.00000000,0
2025-12-28 04:00:00,0.0982,0.0982,0.0982,0.0982,0.00000000,1766908799999,0.00000000,0,0.00000000,0.00000000,0
2025-12-28 08:00:00,0.0982,0.0982,0.0982,0.0982,0.00000000,1766923199999,0.00000000,0,0.00000000,0.00000000,0
2025-12-28 12:00:00,0.0982,0.0982,0.0982,0.0982,0.00000000,1766937599999,0.00000000,0,0.00000000,0.00000000,0
2025-12-28 16:00:00,0.0982,0.0982,0.0982,0.0982,0.00000000,1766951999999,0.00000000,0,0.00000000,0.00000000,0
2025-12-28 20:00:00,0.0982,0.0982,0.0982,0.0982,0.00000000,1766966399999,0.00000000,0,0.00000000,0.00000000,0
2025-12-29 00:00:00,0.0982,0.0982,0.0982,0.0982,0.00000000,1766980799999,0.00000000,0,0.00000000,0.00000000,0
2025-12-29 04:00:00,0.0982,0.0982,0.0982,0.0982,0.00000000,1766995199999,0.00000000,0,0.00000000,0.00000000,0
2025-12-29 08:00:00,0.0982,0.0982,0.0982,0.0982,0.00000000,1767009599999,0.00000000,0,0.00000000,0.00000000,0
2025-12-29 12:00:00,0.0982,0.0982,0.0982,0.0982,0.00000000,1767023999999,0.00000000,0,0.00000000,0.00000000,0
2025-12-29 16:00:00,0.0982,0.0982,0.0982,0.0982,0.00000000,1767038399999,0.00000000,0,0.00000000,0.00000000,0
2025-12-29 20:00:00,0.0982,0.0982,0.0982,0.0982,0.00000000,1767052799999,0.00000000,0,0.00000000,0.00000000,0
2025-12-30 00:00:00,0.0982,0.0982,0.0982,0.0982,0.00000000,1767067199999,0.00000000,0,0.00000000,0.00000000,0
2025-12-30 04:00:00,0.0982,0.0982,0.0982,0.0982,0.00000000,1767081599999,0.00000000,0,0.00000000,0.00000000,0
2025-12-30 08:00:00,0.0982,0.0982,0.0982,0.0982,0.00000000,1767095999999,0.00000000,0,0.00000000,0.00000000,0
2025-12-30 12:00:00,0.0982,0.0982,0.0982,0.0982,0.00000000,1767110399999,0.00000000,0,0.00000000,0.00000000,0
2025-12-30 16:00:00,0.0982,0.0982,0.0982,0.0982,0.00000000,1767124799999,0.00000000,0,0.00000000,0.00000000,0
2025-12-30 20:00:00,0.0982,0.0982,0.0982,0.0982,0.00000000,1767139199999,0.00000000,0,0.00000000,0.00000000,0
2025-12-31 00:00:00,0.0982,0.0982,0.0982,0.0982,0.00000000,1767153599999,0.00000000,0,0.00000000,0.00000000,0
2025-12-31 04:00:00,0.0982,0.0982,0.0982,0.0982,0.00000000,1767167999999,0.00000000,0,0.00000000,0.00000000,0
2025-12-31 08:00:00,0.0982,0.0982,0.0982,0.0982,0.00000000,1767182399999,0.00000000,0,0.00000000,0.00000000,0
2025-12-31 12:00:00,0.0982,0.0982,0.0982,0.0982,0.00000000,1767196799999,0.00000000,0,0.00000000,0.00000000,0
2025-12-31 16:00:00,0.0982,0.0982,0.0982,0.0982,0.00000000,1767211199999,0.00000000,0,0.00000000,0.00000000,0
2025-12-31 20:00:00,0.0982,0.0982,0.0982,0.0982,0.00000000,1767225599999,0.00000000,0,0.00000000,0.00000000,0
2026-01-01 00:00:00,0.0982,0.0982,0.0982,0.0982,0.00000000,1767239999999,0.00000000,0,0.00000000,0.00000000,0
2026-01-01 04:00:00,0.0982,0.0982,0.0982,0.0982,0.00000000,1767254399999,0.00000000,0,0.00000000,0.00000000,0
2026-01-01 08:00:00,0.0982,0.0982,0.0982,0.0982,0.00000000,1767268799999,0.00000000,0,0.00000000,0.00000000,0
2026-01-01 12:00:00,0.0982,0.0982,0.0982,0.0982,0.00000000,1767283199999,0.00000000,0,0.00000000,0.00000000,0
2026-01-01 16:00:00,0.0982,0.0982,0.0982,0.0982,0.00000000,1767297599999,0.00000000,0,0.00000000,0.00000000,0
2026-01-01 20:00:00,0.0982,0.0982,0.0982,0.0982,0.00000000,1767311999999,0.00000000,0,0.00000000,0.00000000,0
2026-01-02 00:00:00,0.0982,0.0982,0.0982,0.0982,0.00000000,1767326399999,0.00000000,0,0.00000000,0.00000000,0
2026-01-02 04:00:00,0.0982,0.0982,0.0982,0.0982,0.00000000,1767340799999,0.00000000,0,0.00000000,0.00000000,0
2026-01-02 08:00:00,0.0982,0.0982,0.0982,0.0982,0.00000000,1767355199999,0.00000000,0,0.00000000,0.00000000,0
2026-01-02 12:00:00,0.0982,0.0982,0.0982,0.0982,256.40000000,1767369599999,25.17848000,2,256.40000000,25.17848000,0
2026-01-02 16:00:00,0.0982,0.0982,0.0982,0.0982,0.00000000,1767383999999,0.00000000,0,0.00000000,0.00000000,0
2026-01-02 20:00:00,0.0982,0.0982,0.0982,0.0982,0.00000000,1767398399999,0.00000000,0,0.00000000,0.00000000,0
2026-01-03 00:00:00,0.0982,0.0982,0.0982,0.0982,0.00000000,1767412799999,0.00000000,0,0.00000000,0.00000000,0
2026-01-03 04:00:00,0.0702,0.0982,0.0687,0.0982,482.50000000,1767427199999,38.58515000,3,182.90000000,17.96078000,0
2026-01-03 08:00:00,0.0982,0.0982,0.0982,0.0982,0.00000000,1767441599999,0.00000000,0,0.00000000,0.00000000,0
2026-01-03 12:00:00,0.0982,0.0982,0.0982,0.0982,0.00000000,1767455999999,0.00000000,0,0.00000000,0.00000000,0
2026-01-03 16:00:00,0.0787,0.0787,0.0787,0.0787,25.50000000,1767470399999,2.00685000,1,25.50000000,2.00685000,0
2026-01-03 20:00:00,0.0787,0.0787,0.0787,0.0787,0.00000000,1767484799999,0.00000000,0,0.00000000,0.00000000,0
2026-01-04 00:00:00,0.0787,0.0787,0.0787,0.0787,0.00000000,1767499199999,0.00000000,0,0.00000000,0.00000000,0
2026-01-04 04:00:00,0.0787,0.0787,0.0787,0.0787,0.00000000,1767513599999,0.00000000,0,0.00000000,0.00000000,0
2026-01-04 08:00:00,0.0787,0.0787,0.0787,0.0787,0.00000000,1767527999999,0.00000000,0,0.00000000,0.00000000,0
2026-01-04 12:00:00,0.0801,0.0801,0.0685,0.0685,53.10000000,1767542399999,3.93083000,2,53.10000000,3.93083000,0
2026-01-04 16:00:00,0.092,0.092,0.092,0.092,7692.00000000,1767556799999,707.66400000,2,7692.00000000,707.66400000,0
2026-01-04 20:00:00,0.092,0.092,0.092,0.092,0.00000000,1767571199999,0.00000000,0,0.00000000,0.00000000,0
2026-01-05 00:00:00,0.1077,0.1077,0.1077,0.1077,733.00000000,1767585599999,78.94410000,2,733.00000000,78.94410000,0
2026-01-05 04:00:00,0.0412,0.0412,0.041,0.041,261.00000000,1767599999999,10.73743000,4,0.00000000,0.00000000,0
2026-01-05 08:00:00,0.041,0.041,0.041,0.041,0.00000000,1767614399999,0.00000000,0,0.00000000,0.00000000,0
2026-01-05 12:00:00,0.0417,0.0417,0.0417,0.0417,2235.60000000,1767628799999,93.22452000,4,0.00000000,0.00000000,0
2026-01-05 16:00:00,0.0417,0.0417,0.0417,0.0417,0.00000000,1767643199999,0.00000000,0,0.00000000,0.00000000,0
2026-01-05 20:00:00,0.0417,0.0417,0.0417,0.0417,0.00000000,1767657599999,0.00000000,0,0.00000000,0.00000000,0
2026-01-06 00:00:00,0.0417,0.0417,0.0417,0.0417,0.00000000,1767671999999,0.00000000,0,0.00000000,0.00000000,0
2026-01-06 04:00:00,0.0417,0.0417,0.0417,0.0417,0.00000000,1767686399999,0.00000000,0,0.00000000,0.00000000,0
2026-01-06 08:00:00,0.0417,0.0417,0.0417,0.0417,0.00000000,1767700799999,0.00000000,0,0.00000000,0.00000000,0
2026-01-06 12:00:00,0.0417,0.0417,0.0417,0.0417,0.00000000,1767715199999,0.00000000,0,0.00000000,0.00000000,0
2026-01-06 16:00:00,0.0417,0.0417,0.0417,0.0417,0.00000000,1767729599999,0.00000000,0,0.00000000,0.00000000,0
2026-01-06 20:00:00,0.0417,0.0417,0.0417,0.0417,0.00000000,1767743999999,0.00000000,0,0.00000000,0.00000000,0
2026-01-07 00:00:00,0.0417,0.0417,0.0417,0.0417,0.00000000,1767758399999,0.00000000,0,0.00000000,0.00000000,0
2026-01-07 04:00:00,0.0417,0.0417,0.0417,0.0417,0.00000000,1767772799999,0.00000000,0,0.00000000,0.00000000,0
2026-01-07 08:00:00,0.0417,0.0417,0.0417,0.0417,0.00000000,1767787199999,0.00000000,0,0.00000000,0.00000000,0
2026-01-07 12:00:00,0.0417,0.0417,0.0417,0.0417,0.00000000,1767801599999,0.00000000,0,0.00000000,0.00000000,0
2026-01-07 16:00:00,0.0417,0.0417,0.0417,0.0417,0.00000000,1767815999999,0.00000000,0,0.00000000,0.00000000,0
2026-01-07 20:00:00,0.0417,0.0417,0.0417,0.0417,0.00000000,1767830399999,0.00000000,0,0.00000000,0.00000000,0
2026-01-08 00:00:00,0.1069,0.1069,0.1069,0.1069,85.20000000,1767844799999,9.10788000,2,85.20000000,9.10788000,0
2026-01-08 04:00:00,0.1069,0.1069,0.1069,0.1069,18.80000000,1767859199999,2.00972000,1,18.80000000,2.00972000,0
2026-01-08 08:00:00,0.1069,0.1069,0.1069,0.1069,0.00000000,1767873599999,0.00000000,0,0.00000000,0.00000000,0
2026-01-08 12:00:00,0.1069,0.1069,0.1069,0.1069,0.00000000,1767887999999,0.00000000,0,0.00000000,0.00000000,0
2026-01-08 16:00:00,0.1069,0.1069,0.1069,0.1069,0.00000000,1767902399999,0.00000000,0,0.00000000,0.00000000,0
2026-01-08 20:00:00,0.1069,0.107,0.1069,0.107,46.10000000,1767916799999,4.92981000,2,46.10000000,4.92981000,0
2026-01-09 00:00:00,0.107,0.107,0.107,0.107,18.70000000,1767931199999,2.00090000,1,18.70000000,2.00090000,0
2026-01-09 04:00:00,0.107,0.107,0.107,0.107,0.00000000,1767945599999,0.00000000,0,0.00000000,0.00000000,0
2026-01-09 08:00:00,0.107,0.107,0.107,0.107,0.00000000,1767959999999,0.00000000,0,0.00000000,0.00000000,0
2026-01-09 12:00:00,0.107,0.107,0.107,0.107,0.00000000,1767974399999,0.00000000,0,0.00000000,0.00000000,0
2026-01-09 16:00:00,0.107,0.107,0.107,0.107,0.00000000,1767988799999,0.00000000,0,0.00000000,0.00000000,0
2026-01-09 20:00:00,0.1069,0.1069,0.1069,0.1069,116.90000000,1768003199999,12.49661000,1,0.00000000,0.00000000,0
2026-01-10 00:00:00,0.1069,0.1069,0.1069,0.1069,0.00000000,1768017599999,0.00000000,0,0.00000000,0.00000000,0
2026-01-10 04:00:00,0.1069,0.1069,0.1069,0.1069,0.00000000,1768031999999,0.00000000,0,0.00000000,0.00000000,0
2026-01-10 08:00:00,0.1069,0.1069,0.1069,0.1069,0.00000000,1768046399999,0.00000000,0,0.00000000,0.00000000,0
2026-01-10 12:00:00,0.1069,0.1069,0.1069,0.1069,0.00000000,1768060799999,0.00000000,0,0.00000000,0.00000000,0
2026-01-10 16:00:00,0.043,0.1069,0.043,0.1069,1099.90000000,1768075199999,63.36655000,3,251.50000000,26.88535000,0
2026-01-10 20:00:00,0.1069,0.1069,0.1069,0.1069,0.00000000,1768089599999,0.00000000,0,0.00000000,0.00000000,0
2026-01-11 00:00:00,0.0818,0.0818,0.0818,0.0818,428.10000000,1768103999999,35.01858000,3,428.10000000,35.01858000,0
2026-01-11 04:00:00,0.0636,0.0636,0.0632,0.0632,324.50000000,1768118399999,20.62840000,2,0.00000000,0.00000000,0
2026-01-11 08:00:00,0.0632,0.0632,0.0632,0.0632,0.00000000,1768132799999,0.00000000,0,0.00000000,0.00000000,0
2026-01-11 12:00:00,0.0632,0.0632,0.0632,0.0632,0.00000000,1768147199999,0.00000000,0,0.00000000,0.00000000,0
2026-01-11 16:00:00,0.0632,0.0632,0.0632,0.0632,0.00000000,1768161599999,0.00000000,0,0.00000000,0.00000000,0
2026-01-11 20:00:00,0.0632,0.0632,0.0632,0.0632,0.00000000,1768175999999,0.00000000,0,0.00000000,0.00000000,0
2026-01-12 00:00:00,0.0817,0.0818,0.0632,0.0632,1179.00000000,1768190399999,85.46985000,4,589.50000000,48.19110000,0
2026-01-12 04:00:00,0.0632,0.0632,0.0632,0.0632,0.00000000,1768204799999,0.00000000,0,0.00000000,0.00000000,0
2026-01-12 08:00:00,0.0632,0.0632,0.0632,0.0632,0.00000000,1768219199999,0.00000000,0,0.00000000,0.00000000,0
2026-01-12 12:00:00,0.0632,0.0632,0.0632,0.0632,0.00000000,1768233599999,0.00000000,0,0.00000000,0.00000000,0
2026-01-12 16:00:00,0.0798,0.0798,0.0798,0.0798,19.80000000,1768247999999,1.58004000,1,19.80000000,1.58004000,0
2026-01-12 20:00:00,0.0798,0.0798,0.0798,0.0798,0.00000000,1768262399999,0.00000000,0,0.00000000,0.00000000,0
2026-01-13 00:00:00,0.0798,0.0798,0.0798,0.0798,0.00000000,1768276799999,0.00000000,0,0.00000000,0.00000000,0
2026-01-13 04:00:00,0.0798,0.0798,0.0798,0.0798,0.00000000,1768291199999,0.00000000,0,0.00000000,0.00000000,0
2026-01-13 08:00:00,0.0798,0.0798,0.0798,0.0798,0.00000000,1768305599999,0.00000000,0,0.00000000,0.00000000,0
2026-01-13 12:00:00,0.0798,0.0798,0.0798,0.0798,0.00000000,1768319999999,0.00000000,0,0.00000000,0.00000000,0
2026-01-13 16:00:00,0.0798,0.0798,0.0798,0.0798,0.00000000,1768334399999,0.00000000,0,0.00000000,0.00000000,0
2026-01-13 20:00:00,0.0798,0.0798,0.0798,0.0798,0.00000000,1768348799999,0.00000000,0,0.00000000,0.00000000,0
2026-01-14 00:00:00,0.0798,0.0798,0.0798,0.0798,0.00000000,1768363199999,0.00000000,0,0.00000000,0.00000000,0
2026-01-14 04:00:00,0.0798,0.0798,0.0798,0.0798,0.00000000,1768377599999,0.00000000,0,0.00000000,0.00000000,0
2026-01-14 08:00:00,0.0798,0.0798,0.0798,0.0798,0.00000000,1768391999999,0.00000000,0,0.00000000,0.00000000,0
2026-01-14 12:00:00,0.0798,0.0798,0.0798,0.0798,0.00000000,1768406399999,0.00000000,0,0.00000000,0.00000000,0
2026-01-14 16:00:00,0.0798,0.0798,0.0798,0.0798,0.00000000,1768420799999,0.00000000,0,0.00000000,0.00000000,0
2026-01-14 20:00:00,0.0798,0.0798,0.0798,0.0798,0.00000000,1768435199999,0.00000000,0,0.00000000,0.00000000,0
2026-01-15 00:00:00,0.0798,0.0798,0.0798,0.0798,0.00000000,1768449599999,0.00000000,0,0.00000000,0.00000000,0
2026-01-15 04:00:00,0.0798,0.0798,0.0798,0.0798,0.00000000,1768463999999,0.00000000,0,0.00000000,0.00000000,0
2026-01-15 08:00:00,0.0798,0.0798,0.0798,0.0798,0.00000000,1768478399999,0.00000000,0,0.00000000,0.00000000,0
2026-01-15 12:00:00,0.0798,0.0798,0.0798,0.0798,0.00000000,1768492799999,0.00000000,0,0.00000000,0.00000000,0
2026-01-15 16:00:00,0.0798,0.0798,0.0798,0.0798,0.00000000,1768507199999,0.00000000,0,0.00000000,0.00000000,0
2026-01-15 20:00:00,0.086,0.086,0.086,0.086,57.90000000,1768521599999,4.97940000,1,57.90000000,4.97940000,0
2026-01-16 00:00:00,0.086,0.086,0.086,0.086,0.00000000,1768535999999,0.00000000,0,0.00000000,0.00000000,0
2026-01-16 04:00:00,0.086,0.086,0.086,0.086,0.00000000,1768550399999,0.00000000,0,0.00000000,0.00000000,0
2026-01-16 08:00:00,0.086,0.086,0.086,0.086,0.00000000,1768564799999,0.00000000,0,0.00000000,0.00000000,0
2026-01-16 12:00:00,0.086,0.086,0.086,0.086,0.00000000,1768579199999,0.00000000,0,0.00000000,0.00000000,0
2026-01-16 16:00:00,0.086,0.086,0.086,0.086,0.00000000,1768593599999,0.00000000,0,0.00000000,0.00000000,0
2026-01-16 20:00:00,0.086,0.086,0.086,0.086,46.60000000,1768607999999,4.00760000,2,46.60000000,4.00760000,0
2026-01-17 00:00:00,0.086,0.086,0.086,0.086,0.00000000,1768622399999,0.00000000,0,0.00000000,0.00000000,0
2026-01-17 04:00:00,0.086,0.086,0.086,0.086,0.00000000,1768636799999,0.00000000,0,0.00000000,0.00000000,0
2026-01-17 08:00:00,0.086,0.086,0.086,0.086,0.00000000,1768651199999,0.00000000,0,0.00000000,0.00000000,0
2026-01-17 12:00:00,0.086,0.086,0.086,0.086,0.00000000,1768665599999,0.00000000,0,0.00000000,0.00000000,0
2026-01-17 16:00:00,0.086,0.086,0.086,0.086,0.00000000,1768679999999,0.00000000,0,0.00000000,0.00000000,0
2026-01-17 20:00:00,0.086,0.086,0.086,0.086,0.00000000,1768694399999,0.00000000,0,0.00000000,0.00000000,0
2026-01-18 00:00:00,0.086,0.086,0.086,0.086,0.00000000,1768708799999,0.00000000,0,0.00000000,0.00000000,0
2026-01-18 04:00:00,0.086,0.086,0.086,0.086,0.00000000,1768723199999,0.00000000,0,0.00000000,0.00000000,0
2026-01-18 08:00:00,0.086,0.086,0.086,0.086,0.00000000,1768737599999,0.00000000,0,0.00000000,0.00000000,0
2026-01-18 12:00:00,0.086,0.086,0.086,0.086,0.00000000,1768751999999,0.00000000,0,0.00000000,0.00000000,0
2026-01-18 16:00:00,0.0619,0.0619,0.0619,0.0619,322.60000000,1768766399999,19.96894000,1,0.00000000,0.00000000,0
2026-01-18 20:00:00,0.0619,0.0619,0.0619,0.0619,0.00000000,1768780799999,0.00000000,0,0.00000000,0.00000000,0
2026-01-19 00:00:00,0.0619,0.0619,0.0619,0.0619,0.00000000,1768795199999,0.00000000,0,0.00000000,0.00000000,0
2026-01-19 04:00:00,0.0619,0.0619,0.0619,0.0619,0.00000000,1768809599999,0.00000000,0,0.00000000,0.00000000,0
2026-01-19 08:00:00,0.0619,0.0619,0.0619,0.0619,0.00000000,1768823999999,0.00000000,0,0.00000000,0.00000000,0
2026-01-19 12:00:00,0.0619,0.0619,0.0619,0.0619,0.00000000,1768838399999,0.00000000,0,0.00000000,0.00000000,0
2026-01-19 16:00:00,0.0619,0.0619,0.0619,0.0619,0.00000000,1768852799999,0.00000000,0,0.00000000,0.00000000,0
2026-01-19 20:00:00,0.0619,0.0619,0.0619,0.0619,0.00000000,1768867199999,0.00000000,0,0.00000000,0.00000000,0
2026-01-20 00:00:00,0.0619,0.0619,0.0619,0.0619,0.00000000,1768881599999,0.00000000,0,0.00000000,0.00000000,0
2026-01-20 04:00:00,0.0619,0.0619,0.0619,0.0619,0.00000000,1768895999999,0.00000000,0,0.00000000,0.00000000,0
2026-01-20 08:00:00,0.0619,0.0619,0.0619,0.0619,0.00000000,1768910399999,0.00000000,0,0.00000000,0.00000000,0
2026-01-20 12:00:00,0.0619,0.0619,0.0619,0.0619,0.00000000,1768924799999,0.00000000,0,0.00000000,0.00000000,0
2026-01-20 16:00:00,0.0619,0.0619,0.0619,0.0619,0.00000000,1768939199999,0.00000000,0,0.00000000,0.00000000,0
2026-01-20 20:00:00,0.0619,0.0619,0.0619,0.0619,0.00000000,1768953599999,0.00000000,0,0.00000000,0.00000000,0
2026-01-21 00:00:00,0.0619,0.0619,0.0619,0.0619,0.00000000,1768967999999,0.00000000,0,0.00000000,0.00000000,0
2026-01-21 04:00:00,0.0619,0.0619,0.0619,0.0619,0.00000000,1768982399999,0.00000000,0,0.00000000,0.00000000,0
2026-01-21 08:00:00,0.0619,0.0619,0.0619,0.0619,0.00000000,1768996799999,0.00000000,0,0.00000000,0.00000000,0
2026-01-21 12:00:00,0.0619,0.0619,0.0619,0.0619,0.00000000,1769011199999,0.00000000,0,0.00000000,0.00000000,0
2026-01-21 16:00:00,0.0619,0.0619,0.0619,0.0619,0.00000000,1769025599999,0.00000000,0,0.00000000,0.00000000,0
2026-01-21 20:00:00,0.0619,0.0619,0.0619,0.0619,0.00000000,1769039999999,0.00000000,0,0.00000000,0.00000000,0
2026-01-22 00:00:00,0.0619,0.0619,0.0619,0.0619,0.00000000,1769054399999,0.00000000,0,0.00000000,0.00000000,0
2026-01-22 04:00:00,0.0619,0.0619,0.0619,0.0619,0.00000000,1769068799999,0.00000000,0,0.00000000,0.00000000,0
2026-01-22 08:00:00,0.0619,0.0619,0.0619,0.0619,0.00000000,1769083199999,0.00000000,0,0.00000000,0.00000000,0
2026-01-22 12:00:00,0.0619,0.0619,0.0619,0.0619,0.00000000,1769097599999,0.00000000,0,0.00000000,0.00000000,0
2026-01-22 16:00:00,0.0619,0.0619,0.0619,0.0619,0.00000000,1769111999999,0.00000000,0,0.00000000,0.00000000,0
2026-01-22 20:00:00,0.0619,0.0619,0.0619,0.0619,0.00000000,1769126399999,0.00000000,0,0.00000000,0.00000000,0
2026-01-23 00:00:00,0.0619,0.0619,0.0619,0.0619,0.00000000,1769140799999,0.00000000,0,0.00000000,0.00000000,0
2026-01-23 04:00:00,0.0619,0.0619,0.0619,0.0619,0.00000000,1769155199999,0.00000000,0,0.00000000,0.00000000,0
2026-01-23 08:00:00,0.0619,0.0619,0.0619,0.0619,0.00000000,1769169599999,0.00000000,0,0.00000000,0.00000000,0
2026-01-23 12:00:00,0.0619,0.0619,0.0619,0.0619,0.00000000,1769183999999,0.00000000,0,0.00000000,0.00000000,0
2026-01-23 16:00:00,0.0619,0.0619,0.0619,0.0619,0.00000000,1769198399999,0.00000000,0,0.00000000,0.00000000,0
2026-01-23 20:00:00,0.0619,0.0619,0.0619,0.0619,0.00000000,1769212799999,0.00000000,0,0.00000000,0.00000000,0
2026-01-24 00:00:00,0.0619,0.0619,0.0619,0.0619,0.00000000,1769227199999,0.00000000,0,0.00000000,0.00000000,0
2026-01-24 04:00:00,0.0619,0.0619,0.0619,0.0619,0.00000000,1769241599999,0.00000000,0,0.00000000,0.00000000,0
2026-01-24 08:00:00,0.0672,0.0672,0.0672,0.0672,31.30000000,1769255999999,2.10336000,1,0.00000000,0.00000000,0
2026-01-24 12:00:00,0.0672,0.0672,0.0672,0.0672,0.00000000,1769270399999,0.00000000,0,0.00000000,0.00000000,0
2026-01-24 16:00:00,0.0672,0.0672,0.0672,0.0672,597.70000000,1769284799999,40.16544000,1,0.00000000,0.00000000,0
2026-01-24 20:00:00,0.0672,0.0672,0.0672,0.0672,0.00000000,1769299199999,0.00000000,0,0.00000000,0.00000000,0
2026-01-25 00:00:00,0.0672,0.0672,0.0672,0.0672,0.00000000,1769313599999,0.00000000,0,0.00000000,0.00000000,0
2026-01-25 04:00:00,0.0672,0.0672,0.0672,0.0672,0.00000000,1769327999999,0.00000000,0,0.00000000,0.00000000,0
2026-01-25 08:00:00,0.0672,0.0672,0.0672,0.0672,0.00000000,1769342399999,0.00000000,0,0.00000000,0.00000000,0
2026-01-25 12:00:00,0.0672,0.0672,0.0672,0.0672,0.00000000,1769356799999,0.00000000,0,0.00000000,0.00000000,0
2026-01-25 16:00:00,0.0668,0.0668,0.0668,0.0668,950.00000000,1769371199999,63.46000000,1,0.00000000,0.00000000,0
2026-01-25 20:00:00,0.0668,0.0668,0.0668,0.0668,0.00000000,1769385599999,0.00000000,0,0.00000000,0.00000000,0
2026-01-26 00:00:00,0.0668,0.0668,0.0668,0.0668,0.00000000,1769399999999,0.00000000,0,0.00000000,0.00000000,0
2026-01-26 04:00:00,0.0668,0.0668,0.0668,0.0668,0.00000000,1769414399999,0.00000000,0,0.00000000,0.00000000,0
2026-01-26 08:00:00,0.065,0.065,0.065,0.065,25.00000000,1769428799999,1.62500000,1,25.00000000,1.62500000,0
2026-01-26 12:00:00,0.065,0.065,0.065,0.065,0.00000000,1769443199999,0.00000000,0,0.00000000,0.00000000,0
2026-01-26 16:00:00,0.065,0.065,0.065,0.065,0.00000000,1769457599999,0.00000000,0,0.00000000,0.00000000,0
2026-01-26 20:00:00,0.065,0.065,0.065,0.065,0.00000000,1769471999999,0.00000000,0,0.00000000,0.00000000,0
2026-01-27 00:00:00,0.065,0.065,0.065,0.065,0.00000000,1769486399999,0.00000000,0,0.00000000,0.00000000,0
2026-01-27 04:00:00,0.0618,0.0618,0.0618,0.0618,48.00000000,1769500799999,2.96640000,2,0.00000000,0.00000000,0
2026-01-27 08:00:00,0.0618,0.0618,0.0618,0.0618,0.00000000,1769515199999,0.00000000,0,0.00000000,0.00000000,0
2026-01-27 12:00:00,0.0618,0.0618,0.0618,0.0618,0.00000000,1769529599999,0.00000000,0,0.00000000,0.00000000,0
2026-01-27 16:00:00,0.0618,0.0618,0.0618,0.0618,0.00000000,1769543999999,0.00000000,0,0.00000000,0.00000000,0
2026-01-27 20:00:00,0.0618,0.0618,0.0618,0.0618,0.00000000,1769558399999,0.00000000,0,0.00000000,0.00000000,0
2026-01-28 00:00:00,0.0618,0.0618,0.0618,0.0618,95.90000000,1769572799999,5.92662000,1,0.00000000,0.00000000,0
2026-01-28 04:00:00,0.0618,0.0618,0.0618,0.0618,0.00000000,1769587199999,0.00000000,0,0.00000000,0.00000000,0
2026-01-28 08:00:00,0.0618,0.0618,0.0618,0.0618,28.50000000,1769601599999,1.76130000,1,0.00000000,0.00000000,0
2026-01-28 12:00:00,0.0618,0.0618,0.0618,0.0618,0.00000000,1769615999999,0.00000000,0,0.00000000,0.00000000,0
2026-01-28 16:00:00,0.0618,0.0618,0.0618,0.0618,0.00000000,1769630399999,0.00000000,0,0.00000000,0.00000000,0
2026-01-28 20:00:00,0.0618,0.0618,0.0618,0.0618,0.00000000,1769644799999,0.00000000,0,0.00000000,0.00000000,0
2026-01-29 00:00:00,0.0618,0.0618,0.0618,0.0618,0.00000000,1769659199999,0.00000000,0,0.00000000,0.00000000,0
2026-01-29 04:00:00,0.0618,0.0618,0.0618,0.0618,0.00000000,1769673599999,0.00000000,0,0.00000000,0.00000000,0
2026-01-29 08:00:00,0.0618,0.0618,0.0618,0.0618,0.00000000,1769687999999,0.00000000,0,0.00000000,0.00000000,0
2026-01-29 12:00:00,0.0617,0.0617,0.0617,0.0617,223.70000000,1769702399999,13.80229000,1,0.00000000,0.00000000,0
2026-01-29 16:00:00,0.0617,0.0617,0.0617,0.0617,0.00000000,1769716799999,0.00000000,0,0.00000000,0.00000000,0
2026-01-29 20:00:00,0.0634,0.0634,0.0634,0.0634,78.70000000,1769731199999,4.98958000,1,78.70000000,4.98958000,0
2026-01-30 00:00:00,0.0634,0.0634,0.0634,0.0634,0.00000000,1769745599999,0.00000000,0,0.00000000,0.00000000,0
2026-01-30 04:00:00,0.0634,0.0634,0.0634,0.0634,0.00000000,1769759999999,0.00000000,0,0.00000000,0.00000000,0
2026-01-30 08:00:00,0.0634,0.0634,0.0634,0.0634,0.00000000,1769774399999,0.00000000,0,0.00000000,0.00000000,0
2026-01-30 12:00:00,0.0634,0.0634,0.0634,0.0634,0.00000000,1769788799999,0.00000000,0,0.00000000,0.00000000,0
2026-01-30 16:00:00,0.0634,0.0634,0.0634,0.0634,0.00000000,1769803199999,0.00000000,0,0.00000000,0.00000000,0
2026-01-30 20:00:00,0.0634,0.0634,0.0634,0.0634,0.00000000,1769817599999,0.00000000,0,0.00000000,0.00000000,0
2026-01-31 00:00:00,0.0617,0.0617,0.0617,0.0617,17.90000000,1769831999999,1.10443000,1,0.00000000,0.00000000,0
2026-01-31 04:00:00,0.0617,0.0617,0.0617,0.0617,0.00000000,1769846399999,0.00000000,0,0.00000000,0.00000000,0
2026-01-31 08:00:00,0.0617,0.0617,0.0617,0.0617,0.00000000,1769860799999,0.00000000,0,0.00000000,0.00000000,0
2026-01-31 12:00:00,0.0617,0.0617,0.0617,0.0617,0.00000000,1769875199999,0.00000000,0,0.00000000,0.00000000,0
2026-01-31 16:00:00,0.0617,0.0617,0.0617,0.0617,0.00000000,1769889599999,0.00000000,0,0.00000000,0.00000000,0
2026-01-31 20:00:00,0.0617,0.0617,0.0617,0.0617,0.00000000,1769903999999,0.00000000,0,0.00000000,0.00000000,0
2026-02-01 00:00:00,0.0617,0.0617,0.0617,0.0617,0.00000000,1769918399999,0.00000000,0,0.00000000,0.00000000,0
2026-02-01 04:00:00,0.0633,0.0634,0.0633,0.0634,298.50000000,1769932799999,18.90230000,2,298.50000000,18.90230000,0
2026-02-01 08:00:00,0.0634,0.0634,0.0634,0.0634,0.00000000,1769947199999,0.00000000,0,0.00000000,0.00000000,0
2026-02-01 12:00:00,0.0634,0.0634,0.0634,0.0634,0.00000000,1769961599999,0.00000000,0,0.00000000,0.00000000,0
2026-02-01 16:00:00,0.0634,0.0634,0.0424,0.0634,945.10000000,1769975999999,53.27374000,4,627.30000000,39.77082000,0
2026-02-01 20:00:00,0.0424,0.0634,0.0017,0.0017,809.90000000,1769990399999,30.85786000,10,250.20000000,15.86268000,0
2026-02-02 00:00:00,0.0368,0.0368,0.0112,0.0112,193.30000000,1770004799999,5.64144000,2,135.80000000,4.99744000,0
2026-02-02 04:00:00,0.0369,0.0634,0.0369,0.063,17402.70000000,1770019199999,1093.86274000,6,17402.70000000,1093.86274000,0
2026-02-02 08:00:00,0.063,0.063,0.063,0.063,0.00000000,1770033599999,0.00000000,0,0.00000000,0.00000000,0
2026-02-02 12:00:00,0.063,0.063,0.063,0.063,0.00000000,1770047999999,0.00000000,0,0.00000000,0.00000000,0
2026-02-02 16:00:00,0.063,0.063,0.063,0.063,0.00000000,1770062399999,0.00000000,0,0.00000000,0.00000000,0
2026-02-02 20:00:00,0.063,0.063,0.063,0.063,0.00000000,1770076799999,0.00000000,0,0.00000000,0.00000000,0
2026-02-03 00:00:00,0.063,0.063,0.063,0.063,0.00000000,1770091199999,0.00000000,0,0.00000000,0.00000000,0
2026-02-03 04:00:00,0.063,0.063,0.063,0.063,0.00000000,1770105599999,0.00000000,0,0.00000000,0.00000000,0
2026-02-03 08:00:00,0.0206,0.0206,0.0206,0.0206,37.70000000,1770119999999,0.77662000,1,0.00000000,0.00000000,0
2026-02-03 12:00:00,0.0206,0.0206,0.0206,0.0206,0.00000000,1770134399999,0.00000000,0,0.00000000,0.00000000,0
2026-02-03 16:00:00,0.0206,0.0206,0.0206,0.0206,0.00000000,1770148799999,0.00000000,0,0.00000000,0.00000000,0
2026-02-03 20:00:00,0.0206,0.0206,0.0206,0.0206,0.00000000,1770163199999,0.00000000,0,0.00000000,0.00000000,0
2026-02-04 00:00:00,0.0206,0.0206,0.0206,0.0206,0.00000000,1770177599999,0.00000000,0,0.00000000,0.00000000,0
2026-02-04 04:00:00,0.0206,0.0206,0.0206,0.0206,0.00000000,1770191999999,0.00000000,0,0.00000000,0.00000000,0
2026-02-04 08:00:00,0.0206,0.0206,0.0206,0.0206,0.00000000,1770206399999,0.00000000,0,0.00000000,0.00000000,0
2026-02-04 12:00:00,0.0206,0.0206,0.0206,0.0206,0.00000000,1770220799999,0.00000000,0,0.00000000,0.00000000,0
2026-02-04 16:00:00,0.0206,0.0206,0.0206,0.0206,0.00000000,1770235199999,0.00000000,0,0.00000000,0.00000000,0
2026-02-04 20:00:00,0.0206,0.0206,0.0206,0.0206,0.00000000,1770249599999,0.00000000,0,0.00000000,0.00000000,0
2026-02-05 00:00:00,0.0206,0.0206,0.0206,0.0206,0.00000000,1770263999999,0.00000000,0,0.00000000,0.00000000,0
2026-02-05 04:00:00,0.0206,0.0206,0.0206,0.0206,0.00000000,1770278399999,0.00000000,0,0.00000000,0.00000000,0
2026-02-05 08:00:00,0.0206,0.0206,0.0206,0.0206,0.00000000,1770292799999,0.00000000,0,0.00000000,0.00000000,0
2026-02-05 12:00:00,0.0206,0.0206,0.0206,0.0206,1024.50000000,1770307199999,21.10470000,2,0.00000000,0.00000000,0
2026-02-05 16:00:00,0.0206,0.0206,0.0206,0.0206,0.00000000,1770321599999,0.00000000,0,0.00000000,0.00000000,0
2026-02-05 20:00:00,0.0206,0.0206,0.0206,0.0206,0.00000000,1770335999999,0.00000000,0,0.00000000,0.00000000,0
2026-02-06 00:00:00,0.0206,0.0206,0.0206,0.0206,0.00000000,1770350399999,0.00000000,0,0.00000000,0.00000000,0
2026-02-06 04:00:00,0.0206,0.0206,0.0206,0.0206,0.00000000,1770364799999,0.00000000,0,0.00000000,0.00000000,0
2026-02-06 08:00:00,0.0206,0.0206,0.0206,0.0206,0.00000000,1770379199999,0.00000000,0,0.00000000,0.00000000,0
2026-02-06 12:00:00,0.0206,0.0206,0.0206,0.0206,0.00000000,1770393599999,0.00000000,0,0.00000000,0.00000000,0
2026-02-06 16:00:00,0.0206,0.0206,0.0206,0.0206,0.00000000,1770407999999,0.00000000,0,0.00000000,0.00000000,0
2026-02-06 20:00:00,0.0206,0.0206,0.0206,0.0206,0.00000000,1770422399999,0.00000000,0,0.00000000,0.00000000,0
2026-02-07 00:00:00,0.0206,0.0206,0.0206,0.0206,0.00000000,1770436799999,0.00000000,0,0.00000000,0.00000000,0
2026-02-07 04:00:00,0.0206,0.0206,0.0206,0.0206,0.00000000,1770451199999,0.00000000,0,0.00000000,0.00000000,0
2026-02-07 08:00:00,0.0206,0.0206,0.0206,0.0206,0.00000000,1770465599999,0.00000000,0,0.00000000,0.00000000,0
2026-02-07 12:00:00,0.0206,0.0206,0.0206,0.0206,0.00000000,1770479999999,0.00000000,0,0.00000000,0.00000000,0
2026-02-07 16:00:00,0.0206,0.0206,0.0206,0.0206,0.00000000,1770494399999,0.00000000,0,0.00000000,0.00000000,0
2026-02-07 20:00:00,0.0206,0.0206,0.0206,0.0206,0.00000000,1770508799999,0.00000000,0,0.00000000,0.00000000,0
2026-02-08 00:00:00,0.0206,0.0206,0.0206,0.0206,0.00000000,1770523199999,0.00000000,0,0.00000000,0.00000000,0
2026-02-08 04:00:00,0.0206,0.0206,0.0206,0.0206,0.00000000,1770537599999,0.00000000,0,0.00000000,0.00000000,0
2026-02-08 08:00:00,0.0206,0.0206,0.0206,0.0206,0.00000000,1770551999999,0.00000000,0,0.00000000,0.00000000,0
2026-02-08 12:00:00,0.0206,0.0206,0.0206,0.0206,0.00000000,1770566399999,0.00000000,0,0.00000000,0.00000000,0
2026-02-08 16:00:00,0.0206,0.0206,0.0206,0.0206,0.00000000,1770580799999,0.00000000,0,0.00000000,0.00000000,0
2026-02-08 20:00:00,0.0206,0.0206,0.0206,0.0206,280.60000000,1770595199999,5.78036000,1,0.00000000,0.00000000,0
2026-02-09 00:00:00,0.0206,0.0206,0.0206,0.0206,0.00000000,1770609599999,0.00000000,0,0.00000000,0.00000000,0
2026-02-09 04:00:00,0.0206,0.0206,0.0206,0.0206,0.00000000,1770623999999,0.00000000,0,0.00000000,0.00000000,0
2026-02-09 08:00:00,0.0206,0.0206,0.0206,0.0206,0.00000000,1770638399999,0.00000000,0,0.00000000,0.00000000,0
2026-02-09 12:00:00,0.0206,0.0206,0.0206,0.0206,0.00000000,1770652799999,0.00000000,0,0.00000000,0.00000000,0
2026-02-09 16:00:00,0.0206,0.0206,0.0206,0.0206,0.00000000,1770667199999,0.00000000,0,0.00000000,0.00000000,0
2026-02-09 20:00:00,0.0206,0.0206,0.0206,0.0206,0.00000000,1770681599999,0.00000000,0,0.00000000,0.00000000,0
2026-02-10 00:00:00,0.0206,0.0206,0.0206,0.0206,0.00000000,1770695999999,0.00000000,0,0.00000000,0.00000000,0
2026-02-10 04:00:00,0.0206,0.0206,0.0206,0.0206,0.00000000,1770710399999,0.00000000,0,0.00000000,0.00000000,0
2026-02-10 08:00:00,0.0206,0.0206,0.0206,0.0206,0.00000000,1770724799999,0.00000000,0,0.00000000,0.00000000,0
2026-02-10 12:00:00,0.0206,0.0206,0.0206,0.0206,0.00000000,1770739199999,0.00000000,0,0.00000000,0.00000000,0
2026-02-10 16:00:00,0.0206,0.0206,0.0206,0.0206,0.00000000,1770753599999,0.00000000,0,0.00000000,0.00000000,0
2026-02-10 20:00:00,0.0206,0.0206,0.0206,0.0206,0.00000000,1770767999999,0.00000000,0,0.00000000,0.00000000,0
2026-02-11 00:00:00,0.0206,0.0206,0.0206,0.0206,0.00000000,1770782399999,0.00000000,0,0.00000000,0.00000000,0
2026-02-11 04:00:00,0.0206,0.0206,0.0206,0.0206,0.00000000,1770796799999,0.00000000,0,0.00000000,0.00000000,0
2026-02-11 08:00:00,0.0206,0.0206,0.0206,0.0206,0.00000000,1770811199999,0.00000000,0,0.00000000,0.00000000,0
2026-02-11 12:00:00,0.0206,0.0206,0.0206,0.0206,0.00000000,1770825599999,0.00000000,0,0.00000000,0.00000000,0
2026-02-11 16:00:00,0.0206,0.0206,0.0206,0.0206,0.00000000,1770839999999,0.00000000,0,0.00000000,0.00000000,0
2026-02-11 20:00:00,0.0206,0.0206,0.0206,0.0206,0.00000000,1770854399999,0.00000000,0,0.00000000,0.00000000,0
2026-02-12 00:00:00,0.0206,0.0206,0.0206,0.0206,0.00000000,1770868799999,0.00000000,0,0.00000000,0.00000000,0
2026-02-12 04:00:00,0.0206,0.0206,0.0206,0.0206,0.00000000,1770883199999,0.00000000,0,0.00000000,0.00000000,0
2026-02-12 08:00:00,0.0206,0.0206,0.0206,0.0206,0.00000000,1770897599999,0.00000000,0,0.00000000,0.00000000,0
2026-02-12 12:00:00,0.0499,0.0499,0.0499,0.0499,331.70000000,1770911999999,16.55183000,2,331.70000000,16.55183000,0
2026-02-12 16:00:00,0.0499,0.0499,0.0499,0.0499,0.00000000,1770926399999,0.00000000,0,0.00000000,0.00000000,0
2026-02-12 20:00:00,0.05,0.0535,0.05,0.0535,556.90000000,1770940799999,28.41130000,3,556.90000000,28.41130000,0
2026-02-13 00:00:00,0.0535,0.0535,0.0535,0.0535,0.00000000,1770955199999,0.00000000,0,0.00000000,0.00000000,0
2026-02-13 04:00:00,0.0535,0.0535,0.0535,0.0535,0.00000000,1770969599999,0.00000000,0,0.00000000,0.00000000,0
2026-02-13 08:00:00,0.0535,0.0535,0.0535,0.0535,0.00000000,1770983999999,0.00000000,0,0.00000000,0.00000000,0
2026-02-13 12:00:00,0.0535,0.0535,0.0535,0.0535,0.00000000,1770998399999,0.00000000,0,0.00000000,0.00000000,0
2026-02-13 16:00:00,0.0535,0.0535,0.0535,0.0535,0.00000000,1771012799999,0.00000000,0,0.00000000,0.00000000,0
2026-02-13 20:00:00,0.0535,0.0535,0.0535,0.0535,0.00000000,1771027199999,0.00000000,0,0.00000000,0.00000000,0
2026-02-14 00:00:00,0.051,0.051,0.051,0.051,24.30000000,1771041599999,1.23930000,1,0.00000000,0.00000000,0
2026-02-14 04:00:00,0.051,0.051,0.051,0.051,0.00000000,1771055999999,0.00000000,0,0.00000000,0.00000000,0
2026-02-14 08:00:00,0.051,0.051,0.051,0.051,0.00000000,1771070399999,0.00000000,0,0.00000000,0.00000000,0
2026-02-14 12:00:00,0.051,0.051,0.0111,0.0111,2980.80000000,1771084799999,116.67706000,8,0.00000000,0.00000000,0
2026-02-14 16:00:00,0.0111,0.0111,0.0111,0.0111,0.00000000,1771099199999,0.00000000,0,0.00000000,0.00000000,0
2026-02-14 20:00:00,0.0111,0.0111,0.0111,0.0111,0.00000000,1771113599999,0.00000000,0,0.00000000,0.00000000,0
2026-02-15 00:00:00,0.0111,0.0111,0.0111,0.0111,0.00000000,1771127999999,0.00000000,0,0.00000000,0.00000000,0
2026-02-15 04:00:00,0.0111,0.0111,0.0111,0.0111,0.00000000,1771142399999,0.00000000,0,0.00000000,0.00000000,0
2026-02-15 08:00:00,0.0111,0.0111,0.0111,0.0111,0.00000000,1771156799999,0.00000000,0,0.00000000,0.00000000,0
2026-02-15 12:00:00,0.0466,0.0466,0.0466,0.0466,732.90000000,1771171199999,34.15314000,1,0.00000000,0.00000000,0
2026-02-15 16:00:00,0.0466,0.0466,0.0466,0.0466,0.00000000,1771185599999,0.00000000,0,0.00000000,0.00000000,0
2026-02-15 20:00:00,0.0466,0.0466,0.0466,0.0466,0.00000000,1771199999999,0.00000000,0,0.00000000,0.00000000,0
2026-02-16 00:00:00,0.0466,0.0466,0.0466,0.0466,0.00000000,1771214399999,0.00000000,0,0.00000000,0.00000000,0
2026-02-16 04:00:00,0.056,0.0571,0.056,0.0571,5183.50000000,1771228799999,292.48460000,7,5183.50000000,292.48460000,0
2026-02-16 08:00:00,0.0631,0.0635,0.0631,0.0635,646.70000000,1771243199999,40.99067000,6,646.70000000,40.99067000,0
2026-02-16 12:00:00,0.0619,0.0619,0.057,0.06,1818.20000000,1771257599999,106.45370000,9,1498.20000000,86.64570000,0
2026-02-16 16:00:00,0.06,0.06,0.06,0.06,131.00000000,1771271999999,7.86000000,1,131.00000000,7.86000000,0
2026-02-16 20:00:00,0.0603,0.0603,0.0603,0.0603,1279.90000000,1771286399999,77.17797000,2,1279.90000000,77.17797000,0
2026-02-17 00:00:00,0.0603,0.0603,0.0603,0.0603,0.00000000,1771300799999,0.00000000,0,0.00000000,0.00000000,0
2026-02-17 04:00:00,0.0603,0.0603,0.0603,0.0603,0.00000000,1771315199999,0.00000000,0,0.00000000,0.00000000,0
2026-02-17 08:00:00,0.0467,0.0467,0.0467,0.0467,40.60000000,1771329599999,1.89602000,1,0.00000000,0.00000000,0
2026-02-17 12:00:00,0.0467,0.0467,0.0467,0.0467,0.00000000,1771343999999,0.00000000,0,0.00000000,0.00000000,0
2026-02-17 16:00:00,0.0467,0.0467,0.0467,0.0467,0.00000000,1771358399999,0.00000000,0,0.00000000,0.00000000,0
2026-02-17 20:00:00,0.0467,0.0467,0.0467,0.0467,0.00000000,1771372799999,0.00000000,0,0.00000000,0.00000000,0
2026-02-18 00:00:00,0.0467,0.0467,0.0467,0.0467,0.00000000,1771387199999,0.00000000,0,0.00000000,0.00000000,0
2026-02-18 04:00:00,0.0467,0.0467,0.0467,0.0467,0.00000000,1771401599999,0.00000000,0,0.00000000,0.00000000,0
2026-02-18 08:00:00,0.0467,0.0467,0.0467,0.0467,0.00000000,1771415999999,0.00000000,0,0.00000000,0.00000000,0
2026-02-18 12:00:00,0.0467,0.0467,0.0467,0.0467,0.00000000,1771430399999,0.00000000,0,0.00000000,0.00000000,0
2026-02-18 16:00:00,0.0467,0.0467,0.0467,0.0467,0.00000000,1771444799999,0.00000000,0,0.00000000,0.00000000,0
2026-02-18 20:00:00,0.0467,0.0467,0.0467,0.0467,0.00000000,1771459199999,0.00000000,0,0.00000000,0.00000000,0
2026-02-19 00:00:00,0.0467,0.0467,0.0467,0.0467,0.00000000,1771473599999,0.00000000,0,0.00000000,0.00000000,0
2026-02-19 04:00:00,0.0467,0.0467,0.0467,0.0467,0.00000000,1771487999999,0.00000000,0,0.00000000,0.00000000,0
2026-02-19 08:00:00,0.0467,0.0467,0.0467,0.0467,0.00000000,1771502399999,0.00000000,0,0.00000000,0.00000000,0
2026-02-19 12:00:00,0.0467,0.0467,0.0467,0.0467,0.00000000,1771516799999,0.00000000,0,0.00000000,0.00000000,0
2026-02-19 16:00:00,0.0466,0.0515,0.0466,0.051,2143.30000000,1771531199999,103.94393000,12,1928.20000000,93.92027000,0
2026-02-19 20:00:00,0.0548,0.0549,0.0548,0.0549,90.80000000,1771545599999,4.98086000,2,90.80000000,4.98086000,0
2026-02-20 00:00:00,0.0549,0.0549,0.0549,0.0549,0.00000000,1771559999999,0.00000000,0,0.00000000,0.00000000,0
2026-02-20 04:00:00,0.0549,0.0549,0.0549,0.0549,164.30000000,1771574399999,9.02007000,1,164.30000000,9.02007000,0
2026-02-20 08:00:00,0.0549,0.0549,0.0549,0.0549,0.00000000,1771588799999,0.00000000,0,0.00000000,0.00000000,0
2026-02-20 12:00:00,0.0549,0.0549,0.0549,0.0549,0.00000000,1771603199999,0.00000000,0,0.00000000,0.00000000,0
2026-02-20 16:00:00,0.0549,0.0549,0.0549,0.0549,0.00000000,1771617599999,0.00000000,0,0.00000000,0.00000000,0
2026-02-20 20:00:00,0.0549,0.0549,0.0549,0.0549,0.00000000,1771631999999,0.00000000,0,0.00000000,0.00000000,0
2026-02-21 00:00:00,0.0549,0.0549,0.0549,0.0549,0.00000000,1771646399999,0.00000000,0,0.00000000,0.00000000,0
2026-02-21 04:00:00,0.0549,0.0549,0.0549,0.0549,0.00000000,1771660799999,0.00000000,0,0.00000000,0.00000000,0
2026-02-21 08:00:00,0.0549,0.0549,0.0549,0.0549,0.00000000,1771675199999,0.00000000,0,0.00000000,0.00000000,0
2026-02-21 12:00:00,0.0549,0.0549,0.0549,0.0549,0.00000000,1771689599999,0.00000000,0,0.00000000,0.00000000,0
2026-02-21 16:00:00,0.0549,0.0549,0.0549,0.0549,0.00000000,1771703999999,0.00000000,0,0.00000000,0.00000000,0
2026-02-21 20:00:00,0.0549,0.0549,0.0549,0.0549,0.00000000,1771718399999,0.00000000,0,0.00000000,0.00000000,0
2026-02-22 00:00:00,0.0549,0.0549,0.0549,0.0549,0.00000000,1771732799999,0.00000000,0,0.00000000,0.00000000,0
2026-02-22 04:00:00,0.0549,0.0549,0.0549,0.0549,0.00000000,1771747199999,0.00000000,0,0.00000000,0.00000000,0
2026-02-22 08:00:00,0.0549,0.0549,0.0549,0.0549,0.00000000,1771761599999,0.00000000,0,0.00000000,0.00000000,0
2026-02-22 12:00:00,0.0549,0.0549,0.0549,0.0549,0.00000000,1771775999999,0.00000000,0,0.00000000,0.00000000,0
2026-02-22 16:00:00,0.0549,0.0549,0.0549,0.0549,0.00000000,1771790399999,0.00000000,0,0.00000000,0.00000000,0
2026-02-22 20:00:00,0.0549,0.0549,0.0549,0.0549,0.00000000,1771804799999,0.00000000,0,0.00000000,0.00000000,0
2026-02-23 00:00:00,0.0549,0.0549,0.0549,0.0549,0.00000000,1771819199999,0.00000000,0,0.00000000,0.00000000,0
2026-02-23 04:00:00,0.0549,0.0549,0.0549,0.0549,51.70000000,1771833599999,2.83833000,1,0.00000000,0.00000000,0
2026-02-23 08:00:00,0.0549,0.0549,0.0549,0.0549,0.00000000,1771847999999,0.00000000,0,0.00000000,0.00000000,0
2026-02-23 12:00:00,0.0549,0.0549,0.0549,0.0549,1.30000000,1771862399999,0.07137000,1,0.00000000,0.00000000,0
2026-02-23 16:00:00,0.0549,0.0549,0.0549,0.0549,0.00000000,1771876799999,0.00000000,0,0.00000000,0.00000000,0
2026-02-23 20:00:00,0.0549,0.0549,0.0549,0.0549,0.00000000,1771891199999,0.00000000,0,0.00000000,0.00000000,0
2026-02-24 00:00:00,0.0549,0.0549,0.0549,0.0549,0.00000000,1771905599999,0.00000000,0,0.00000000,0.00000000,0
2026-02-24 04:00:00,0.0549,0.0549,0.0549,0.0549,0.00000000,1771919999999,0.00000000,0,0.00000000,0.00000000,0
2026-02-24 08:00:00,0.0549,0.0549,0.0549,0.0549,0.00000000,1771934399999,0.00000000,0,0.00000000,0.00000000,0
2026-02-24 12:00:00,0.0549,0.0549,0.0549,0.0549,0.00000000,1771948799999,0.00000000,0,0.00000000,0.00000000,0
2026-02-24 16:00:00,0.0549,0.0549,0.0549,0.0549,0.00000000,1771963199999,0.00000000,0,0.00000000,0.00000000,0
2026-02-24 20:00:00,0.0467,0.058,0.0467,0.0467,778.60000000,1771977599999,42.54495000,6,644.10000000,36.26380000,0
2026-02-25 00:00:00,0.0465,0.0465,0.0464,0.0464,554.50000000,1771991999999,25.74241000,2,0.00000000,0.00000000,0
2026-02-25 04:00:00,0.0464,0.0464,0.0464,0.0464,0.00000000,1772006399999,0.00000000,0,0.00000000,0.00000000,0
2026-02-25 08:00:00,0.0464,0.0464,0.0464,0.0464,0.00000000,1772020799999,0.00000000,0,0.00000000,0.00000000,0
2026-02-25 12:00:00,0.0464,0.0464,0.0464,0.0464,0.00000000,1772035199999,0.00000000,0,0.00000000,0.00000000,0
2026-02-25 16:00:00,0.0396,0.0396,0.0396,0.0396,135.50000000,1772049599999,5.36580000,1,135.50000000,5.36580000,0
2026-02-25 20:00:00,0.0396,0.0396,0.0396,0.0396,0.00000000,1772063999999,0.00000000,0,0.00000000,0.00000000,0
2026-02-26 00:00:00,0.0396,0.0396,0.0396,0.0396,0.00000000,1772078399999,0.00000000,0,0.00000000,0.00000000,0
2026-02-26 04:00:00,0.0396,0.0396,0.0396,0.0396,0.00000000,1772092799999,0.00000000,0,0.00000000,0.00000000,0
2026-02-26 08:00:00,0.0396,0.0396,0.0396,0.0396,0.00000000,1772107199999,0.00000000,0,0.00000000,0.00000000,0
2026-02-26 12:00:00,0.0396,0.0396,0.0396,0.0396,0.00000000,1772121599999,0.00000000,0,0.00000000,0.00000000,0
2026-02-26 16:00:00,0.0579,0.058,0.0579,0.058,229.60000000,1772135999999,13.30863000,2,229.60000000,13.30863000,0
2026-02-26 20:00:00,0.058,0.058,0.058,0.058,1760.60000000,1772150399999,102.11480000,2,1760.60000000,102.11480000,0
2026-02-27 00:00:00,0.058,0.058,0.058,0.058,0.00000000,1772164799999,0.00000000,0,0.00000000,0.00000000,0
2026-02-27 04:00:00,0.058,0.058,0.058,0.058,0.00000000,1772179199999,0.00000000,0,0.00000000,0.00000000,0
2026-02-27 08:00:00,0.058,0.058,0.058,0.058,0.00000000,1772193599999,0.00000000,0,0.00000000,0.00000000,0
2026-02-27 12:00:00,0.0585,0.059,0.0585,0.059,2569.80000000,1772207999999,151.60295000,3,0.00000000,0.00000000,0
2026-02-27 16:00:00,0.059,0.059,0.059,0.059,0.00000000,1772222399999,0.00000000,0,0.00000000,0.00000000,0
2026-02-27 20:00:00,0.059,0.059,0.059,0.059,0.00000000,1772236799999,0.00000000,0,0.00000000,0.00000000,0
2026-02-28 00:00:00,0.059,0.059,0.059,0.059,0.00000000,1772251199999,0.00000000,0,0.00000000,0.00000000,0
2026-02-28 04:00:00,0.059,0.059,0.059,0.059,0.00000000,1772265599999,0.00000000,0,0.00000000,0.00000000,0
2026-02-28 08:00:00,0.059,0.059,0.059,0.059,0.00000000,1772279999999,0.00000000,0,0.00000000,0.00000000,0
2026-02-28 12:00:00,0.059,0.059,0.059,0.059,0.00000000,1772294399999,0.00000000,0,0.00000000,0.00000000,0
2026-02-28 16:00:00,0.059,0.059,0.059,0.059,0.00000000,1772308799999,0.00000000,0,0.00000000,0.00000000,0
2026-02-28 20:00:00,0.059,0.059,0.059,0.059,0.00000000,1772323199999,0.00000000,0,0.00000000,0.00000000,0
2026-03-01 00:00:00,0.059,0.059,0.059,0.059,0.00000000,1772337599999,0.00000000,0,0.00000000,0.00000000,0
2026-03-01 04:00:00,0.059,0.059,0.059,0.059,0.00000000,1772351999999,0.00000000,0,0.00000000,0.00000000,0
2026-03-01 08:00:00,0.059,0.059,0.059,0.059,0.00000000,1772366399999,0.00000000,0,0.00000000,0.00000000,0
2026-03-01 12:00:00,0.059,0.059,0.059,0.059,0.00000000,1772380799999,0.00000000,0,0.00000000,0.00000000,0
2026-03-01 16:00:00,0.059,0.059,0.059,0.059,0.00000000,1772395199999,0.00000000,0,0.00000000,0.00000000,0
2026-03-01 20:00:00,0.059,0.059,0.059,0.059,0.00000000,1772409599999,0.00000000,0,0.00000000,0.00000000,0
2026-03-02 00:00:00,0.059,0.059,0.059,0.059,0.00000000,1772423999999,0.00000000,0,0.00000000,0.00000000,0
2026-03-02 04:00:00,0.059,0.059,0.059,0.059,0.00000000,1772438399999,0.00000000,0,0.00000000,0.00000000,0
2026-03-02 08:00:00,0.059,0.059,0.059,0.059,0.00000000,1772452799999,0.00000000,0,0.00000000,0.00000000,0
2026-03-02 12:00:00,0.059,0.059,0.059,0.059,0.00000000,1772467199999,0.00000000,0,0.00000000,0.00000000,0
2026-03-02 16:00:00,0.059,0.059,0.059,0.059,0.00000000,1772481599999,0.00000000,0,0.00000000,0.00000000,0
2026-03-02 20:00:00,0.059,0.059,0.059,0.059,363.60000000,1772495999999,21.45240000,1,363.60000000,21.45240000,0
2026-03-03 00:00:00,0.059,0.059,0.059,0.059,58.60000000,1772510399999,3.45740000,1,58.60000000,3.45740000,0
2026-03-03 04:00:00,0.059,0.059,0.059,0.059,0.00000000,1772524799999,0.00000000,0,0.00000000,0.00000000,0
2026-03-03 08:00:00,0.059,0.059,0.059,0.059,0.00000000,1772539199999,0.00000000,0,0.00000000,0.00000000,0
2026-03-03 12:00:00,0.059,0.059,0.059,0.059,0.00000000,1772553599999,0.00000000,0,0.00000000,0.00000000,0
2026-03-03 16:00:00,0.059,0.059,0.059,0.059,0.00000000,1772567999999,0.00000000,0,0.00000000,0.00000000,0
2026-03-03 20:00:00,0.059,0.059,0.059,0.059,0.00000000,1772582399999,0.00000000,0,0.00000000,0.00000000,0
2026-03-04 00:00:00,0.059,0.059,0.059,0.059,0.00000000,1772596799999,0.00000000,0,0.00000000,0.00000000,0
2026-03-04 04:00:00,0.0406,0.0406,0.0406,0.0406,631.90000000,1772611199999,25.65514000,1,0.00000000,0.00000000,0
2026-03-04 08:00:00,0.0406,0.0406,0.0406,0.0406,0.00000000,1772625599999,0.00000000,0,0.00000000,0.00000000,0
2026-03-04 12:00:00,0.0406,0.0406,0.0406,0.0406,0.00000000,1772639999999,0.00000000,0,0.00000000,0.00000000,0
2026-03-04 16:00:00,0.0405,0.0405,0.0405,0.0405,302.80000000,1772654399999,12.26340000,2,0.00000000,0.00000000,0
2026-03-04 20:00:00,0.0405,0.0405,0.0405,0.0405,0.00000000,1772668799999,0.00000000,0,0.00000000,0.00000000,0
2026-03-05 00:00:00,0.0405,0.0405,0.0405,0.0405,0.00000000,1772683199999,0.00000000,0,0.00000000,0.00000000,0
2026-03-05 04:00:00,0.0405,0.0405,0.0405,0.0405,0.00000000,1772697599999,0.00000000,0,0.00000000,0.00000000,0
2026-03-05 08:00:00,0.0405,0.0405,0.0405,0.0405,0.00000000,1772711999999,0.00000000,0,0.00000000,0.00000000,0
2026-03-05 12:00:00,0.0405,0.0405,0.0405,0.0405,0.00000000,1772726399999,0.00000000,0,0.00000000,0.00000000,0
2026-03-05 16:00:00,0.0405,0.0405,0.0405,0.0405,0.00000000,1772740799999,0.00000000,0,0.00000000,0.00000000,0
2026-03-05 20:00:00,0.0405,0.0405,0.0405,0.0405,0.00000000,1772755199999,0.00000000,0,0.00000000,0.00000000,0
2026-03-06 00:00:00,0.0405,0.0405,0.0405,0.0405,0.00000000,1772769599999,0.00000000,0,0.00000000,0.00000000,0
2026-03-06 04:00:00,0.0405,0.0405,0.0405,0.0405,0.00000000,1772783999999,0.00000000,0,0.00000000,0.00000000,0
2026-03-06 08:00:00,0.0405,0.0405,0.0405,0.0405,0.00000000,1772798399999,0.00000000,0,0.00000000,0.00000000,0
2026-03-06 12:00:00,0.0405,0.0405,0.0405,0.0405,0.00000000,1772812799999,0.00000000,0,0.00000000,0.00000000,0
2026-03-06 16:00:00,0.0405,0.0405,0.0405,0.0405,0.00000000,1772827199999,0.00000000,0,0.00000000,0.00000000,0
2026-03-06 20:00:00,0.0405,0.0405,0.0405,0.0405,0.00000000,1772841599999,0.00000000,0,0.00000000,0.00000000,0
2026-03-07 00:00:00,0.0405,0.0405,0.0405,0.0405,0.00000000,1772855999999,0.00000000,0,0.00000000,0.00000000,0
2026-03-07 04:00:00,0.0405,0.0405,0.0405,0.0405,0.00000000,1772870399999,0.00000000,0,0.00000000,0.00000000,0
2026-03-07 08:00:00,0.0405,0.0405,0.0405,0.0405,0.00000000,1772884799999,0.00000000,0,0.00000000,0.00000000,0
2026-03-07 12:00:00,0.0405,0.0405,0.0405,0.0405,0.00000000,1772899199999,0.00000000,0,0.00000000,0.00000000,0
2026-03-07 16:00:00,0.0526,0.0527,0.0526,0.0527,855.00000000,1772913599999,44.99531000,2,855.00000000,44.99531000,0
2026-03-07 20:00:00,0.0527,0.0527,0.0527,0.0527,0.00000000,1772927999999,0.00000000,0,0.00000000,0.00000000,0
2026-03-08 00:00:00,0.0527,0.0527,0.0527,0.0527,0.00000000,1772942399999,0.00000000,0,0.00000000,0.00000000,0
2026-03-08 04:00:00,0.0527,0.0527,0.0527,0.0527,0.00000000,1772956799999,0.00000000,0,0.00000000,0.00000000,0
2026-03-08 08:00:00,0.0527,0.0527,0.0527,0.0527,0.00000000,1772971199999,0.00000000,0,0.00000000,0.00000000,0
2026-03-08 12:00:00,0.0527,0.0527,0.0527,0.0527,0.00000000,1772985599999,0.00000000,0,0.00000000,0.00000000,0
2026-03-08 16:00:00,0.0527,0.0527,0.0527,0.0527,0.00000000,1772999999999,0.00000000,0,0.00000000,0.00000000,0
2026-03-08 20:00:00,0.0409,0.0589,0.0409,0.0589,2895.30000000,1773014399999,154.87525000,3,2042.50000000,119.99573000,0
2026-03-09 00:00:00,0.0464,0.0464,0.0464,0.0464,851.50000000,1773028799999,39.50960000,1,851.50000000,39.50960000,0
2026-03-09 04:00:00,0.0464,0.0464,0.0464,0.0464,0.00000000,1773043199999,0.00000000,0,0.00000000,0.00000000,0
2026-03-09 08:00:00,0.0464,0.0464,0.0464,0.0464,0.00000000,1773057599999,0.00000000,0,0.00000000,0.00000000,0
2026-03-09 12:00:00,0.0464,0.0464,0.0464,0.0464,0.00000000,1773071999999,0.00000000,0,0.00000000,0.00000000,0
2026-03-09 16:00:00,0.0464,0.0464,0.0464,0.0464,0.00000000,1773086399999,0.00000000,0,0.00000000,0.00000000,0
2026-03-09 20:00:00,0.0464,0.0464,0.0464,0.0464,0.00000000,1773100799999,0.00000000,0,0.00000000,0.00000000,0
2026-03-10 00:00:00,0.0464,0.0464,0.0464,0.0464,0.00000000,1773115199999,0.00000000,0,0.00000000,0.00000000,0
2026-03-10 04:00:00,0.0464,0.0464,0.0464,0.0464,0.00000000,1773129599999,0.00000000,0,0.00000000,0.00000000,0
2026-03-10 08:00:00,0.0464,0.0464,0.0464,0.0464,0.00000000,1773143999999,0.00000000,0,0.00000000,0.00000000,0
2026-03-10 12:00:00,0.0464,0.0464,0.0464,0.0464,0.00000000,1773158399999,0.00000000,0,0.00000000,0.00000000,0
2026-03-10 16:00:00,0.0464,0.0464,0.0464,0.0464,0.00000000,1773172799999,0.00000000,0,0.00000000,0.00000000,0
2026-03-10 20:00:00,0.0412,0.0588,0.0412,0.0588,3871.50000000,1773187199999,191.76836000,2,1833.10000000,107.78628000,0
2026-03-11 00:00:00,0.0588,0.0588,0.0588,0.0588,0.00000000,1773201599999,0.00000000,0,0.00000000,0.00000000,0
2026-03-11 04:00:00,0.0588,0.0588,0.0588,0.0588,22.60000000,1773215999999,1.32888000,1,22.60000000,1.32888000,0
2026-03-11 08:00:00,0.0588,0.0588,0.0588,0.0588,0.00000000,1773230399999,0.00000000,0,0.00000000,0.00000000,0
2026-03-11 12:00:00,0.0588,0.0588,0.0588,0.0588,0.00000000,1773244799999,0.00000000,0,0.00000000,0.00000000,0
2026-03-11 16:00:00,0.0588,0.0588,0.0588,0.0588,0.00000000,1773259199999,0.00000000,0,0.00000000,0.00000000,0
2026-03-11 20:00:00,0.05,0.05,0.05,0.05,21.00000000,1773273599999,1.05000000,1,0.00000000,0.00000000,0
2026-03-12 00:00:00,0.05,0.05,0.05,0.05,0.00000000,1773287999999,0.00000000,0,0.00000000,0.00000000,0
2026-03-12 04:00:00,0.05,0.05,0.05,0.05,0.00000000,1773302399999,0.00000000,0,0.00000000,0.00000000,0
2026-03-12 08:00:00,0.05,0.05,0.05,0.05,0.00000000,1773316799999,0.00000000,0,0.00000000,0.00000000,0
2026-03-12 12:00:00,0.05,0.05,0.05,0.05,0.00000000,1773331199999,0.00000000,0,0.00000000,0.00000000,0
2026-03-12 16:00:00,0.05,0.05,0.05,0.05,0.00000000,1773345599999,0.00000000,0,0.00000000,0.00000000,0
2026-03-12 20:00:00,0.05,0.05,0.05,0.05,0.00000000,1773359999999,0.00000000,0,0.00000000,0.00000000,0
2026-03-13 00:00:00,0.05,0.05,0.05,0.05,0.00000000,1773374399999,0.00000000,0,0.00000000,0.00000000,0
2026-03-13 04:00:00,0.05,0.05,0.05,0.05,0.00000000,1773388799999,0.00000000,0,0.00000000,0.00000000,0
2026-03-13 08:00:00,0.05,0.05,0.05,0.05,0.00000000,1773403199999,0.00000000,0,0.00000000,0.00000000,0
2026-03-13 12:00:00,0.05,0.05,0.05,0.05,0.00000000,1773417599999,0.00000000,0,0.00000000,0.00000000,0
2026-03-13 16:00:00,0.05,0.05,0.05,0.05,0.00000000,1773431999999,0.00000000,0,0.00000000,0.00000000,0
2026-03-13 20:00:00,0.05,0.05,0.05,0.05,0.00000000,1773446399999,0.00000000,0,0.00000000,0.00000000,0
2026-03-14 00:00:00,0.05,0.05,0.05,0.05,0.00000000,1773460799999,0.00000000,0,0.00000000,0.00000000,0
2026-03-14 04:00:00,0.05,0.05,0.05,0.05,0.00000000,1773475199999,0.00000000,0,0.00000000,0.00000000,0
2026-03-14 08:00:00,0.05,0.05,0.05,0.05,0.00000000,1773489599999,0.00000000,0,0.00000000,0.00000000,0
2026-03-14 12:00:00,0.05,0.05,0.05,0.05,0.00000000,1773503999999,0.00000000,0,0.00000000,0.00000000,0
2026-03-14 16:00:00,0.05,0.05,0.05,0.05,0.00000000,1773518399999,0.00000000,0,0.00000000,0.00000000,0
2026-03-14 20:00:00,0.05,0.05,0.05,0.05,0.00000000,1773532799999,0.00000000,0,0.00000000,0.00000000,0
2026-03-15 00:00:00,0.05,0.05,0.05,0.05,0.00000000,1773547199999,0.00000000,0,0.00000000,0.00000000,0
2026-03-15 04:00:00,0.05,0.05,0.05,0.05,0.00000000,1773561599999,0.00000000,0,0.00000000,0.00000000,0
2026-03-15 08:00:00,0.05,0.05,0.05,0.05,0.00000000,1773575999999,0.00000000,0,0.00000000,0.00000000,0
2026-03-15 12:00:00,0.05,0.05,0.05,0.05,0.00000000,1773590399999,0.00000000,0,0.00000000,0.00000000,0
2026-03-15 16:00:00,0.05,0.05,0.05,0.05,0.00000000,1773604799999,0.00000000,0,0.00000000,0.00000000,0
2026-03-15 20:00:00,0.0486,0.0649,0.0486,0.0649,3310.60000000,1773619199999,185.03722000,4,1482.10000000,96.17212000,0
2026-03-16 00:00:00,0.0536,0.0649,0.0536,0.0649,1877.10000000,1773633599999,102.35389000,2,1877.10000000,102.35389000,0
2026-03-16 04:00:00,0.0623,0.0649,0.0623,0.0649,70.10000000,1773647999999,4.48709000,2,46.10000000,2.99189000,0
2026-03-16 08:00:00,0.0649,0.0649,0.0649,0.0649,0.00000000,1773662399999,0.00000000,0,0.00000000,0.00000000,0
2026-03-16 12:00:00,0.0649,0.0649,0.0649,0.0649,0.00000000,1773676799999,0.00000000,0,0.00000000,0.00000000,0
2026-03-16 16:00:00,0.0623,0.0623,0.0623,0.0623,50.40000000,1773691199999,3.13992000,1,0.00000000,0.00000000,0
2026-03-16 20:00:00,0.0623,0.0623,0.0623,0.0623,0.00000000,1773705599999,0.00000000,0,0.00000000,0.00000000,0
2026-03-17 00:00:00,0.0223,0.0223,0.0222,0.0222,228.50000000,1773719999999,5.08669000,2,0.00000000,0.00000000,0
2026-03-17 04:00:00,0.0222,0.0222,0.0222,0.0222,0.00000000,1773734399999,0.00000000,0,0.00000000,0.00000000,0
2026-03-17 08:00:00,0.0222,0.0222,0.0222,0.0222,0.00000000,1773748799999,0.00000000,0,0.00000000,0.00000000,0
2026-03-17 12:00:00,0.0222,0.0222,0.0222,0.0222,0.00000000,1773763199999,0.00000000,0,0.00000000,0.00000000,0
2026-03-17 16:00:00,0.0222,0.0222,0.0222,0.0222,0.00000000,1773777599999,0.00000000,0,0.00000000,0.00000000,0
2026-03-17 20:00:00,0.0222,0.0222,0.0222,0.0222,0.00000000,1773791999999,0.00000000,0,0.00000000,0.00000000,0
2026-03-18 00:00:00,0.0222,0.0222,0.0222,0.0222,0.00000000,1773806399999,0.00000000,0,0.00000000,0.00000000,0
2026-03-18 04:00:00,0.0222,0.0222,0.0222,0.0222,0.00000000,1773820799999,0.00000000,0,0.00000000,0.00000000,0
2026-03-18 08:00:00,0.0246,0.0246,0.0222,0.0224,318.60000000,1773835199999,7.22680000,4,0.00000000,0.00000000,0
2026-03-18 12:00:00,0.0224,0.0224,0.0224,0.0224,0.00000000,1773849599999,0.00000000,0,0.00000000,0.00000000,0
2026-03-18 16:00:00,0.0224,0.0224,0.0224,0.0224,0.00000000,1773863999999,0.00000000,0,0.00000000,0.00000000,0
2026-03-18 20:00:00,0.0224,0.0224,0.0224,0.0224,0.00000000,1773878399999,0.00000000,0,0.00000000,0.00000000,0
2026-03-19 00:00:00,0.0224,0.0224,0.0224,0.0224,0.00000000,1773892799999,0.00000000,0,0.00000000,0.00000000,0
2026-03-19 04:00:00,0.0224,0.0224,0.0224,0.0224,0.00000000,1773907199999,0.00000000,0,0.00000000,0.00000000,0
2026-03-19 08:00:00,0.0224,0.0224,0.0224,0.0224,0.00000000,1773921599999,0.00000000,0,0.00000000,0.00000000,0
2026-03-19 12:00:00,0.0224,0.0224,0.0224,0.0224,0.00000000,1773935999999,0.00000000,0,0.00000000,0.00000000,0
2026-03-19 16:00:00,0.0224,0.0224,0.0224,0.0224,0.00000000,1773950399999,0.00000000,0,0.00000000,0.00000000,0
2026-03-19 20:00:00,0.0224,0.0224,0.0224,0.0224,0.00000000,1773964799999,0.00000000,0,0.00000000,0.00000000,0
2026-03-20 00:00:00,0.0224,0.0224,0.0224,0.0224,0.00000000,1773979199999,0.00000000,0,0.00000000,0.00000000,0
2026-03-20 04:00:00,0.0224,0.0224,0.0224,0.0224,0.00000000,1773993599999,0.00000000,0,0.00000000,0.00000000,0
2026-03-20 08:00:00,0.0224,0.0224,0.0224,0.0224,0.00000000,1774007999999,0.00000000,0,0.00000000,0.00000000,0
2026-03-20 12:00:00,0.0224,0.0224,0.0224,0.0224,0.00000000,1774022399999,0.00000000,0,0.00000000,0.00000000,0
2026-03-20 16:00:00,0.0224,0.0224,0.0224,0.0224,0.00000000,1774036799999,0.00000000,0,0.00000000,0.00000000,0
2026-03-20 20:00:00,0.0224,0.0224,0.0224,0.0224,0.00000000,1774051199999,0.00000000,0,0.00000000,0.00000000,0
2026-03-21 00:00:00,0.0224,0.0224,0.0224,0.0224,0.00000000,1774065599999,0.00000000,0,0.00000000,0.00000000,0
2026-03-21 04:00:00,0.0224,0.0224,0.0224,0.0224,0.00000000,1774079999999,0.00000000,0,0.00000000,0.00000000,0
2026-03-21 08:00:00,0.0224,0.0224,0.0224,0.0224,0.00000000,1774094399999,0.00000000,0,0.00000000,0.00000000,0
2026-03-21 12:00:00,0.0224,0.0224,0.0224,0.0224,0.00000000,1774108799999,0.00000000,0,0.00000000,0.00000000,0
2026-03-21 16:00:00,0.0224,0.0224,0.0224,0.0224,0.00000000,1774123199999,0.00000000,0,0.00000000,0.00000000,0
2026-03-21 20:00:00,0.0224,0.0224,0.0224,0.0224,0.00000000,1774137599999,0.00000000,0,0.00000000,0.00000000,0
2026-03-22 00:00:00,0.0224,0.0224,0.0224,0.0224,0.00000000,1774151999999,0.00000000,0,0.00000000,0.00000000,0
2026-03-22 04:00:00,0.0224,0.0224,0.0224,0.0224,0.00000000,1774166399999,0.00000000,0,0.00000000,0.00000000,0
2026-03-22 08:00:00,0.0224,0.0224,0.0224,0.0224,0.00000000,1774180799999,0.00000000,0,0.00000000,0.00000000,0
2026-03-22 12:00:00,0.0224,0.0224,0.0224,0.0224,0.00000000,1774195199999,0.00000000,0,0.00000000,0.00000000,0
2026-03-22 16:00:00,0.0224,0.0224,0.0224,0.0224,0.00000000,1774209599999,0.00000000,0,0.00000000,0.00000000,0
2026-03-22 20:00:00,0.0224,0.0224,0.0224,0.0224,0.00000000,1774223999999,0.00000000,0,0.00000000,0.00000000,0
2026-03-23 00:00:00,0.0224,0.0224,0.0224,0.0224,0.00000000,1774238399999,0.00000000,0,0.00000000,0.00000000,0
2026-03-23 04:00:00,0.0224,0.0224,0.0224,0.0224,0.00000000,1774252799999,0.00000000,0,0.00000000,0.00000000,0
2026-03-23 08:00:00,0.0224,0.0224,0.0224,0.0224,0.00000000,1774267199999,0.00000000,0,0.00000000,0.00000000,0
2026-03-23 12:00:00,0.0224,0.0224,0.0224,0.0224,0.00000000,1774281599999,0.00000000,0,0.00000000,0.00000000,0
2026-03-23 16:00:00,0.0224,0.0224,0.0224,0.0224,0.00000000,1774295999999,0.00000000,0,0.00000000,0.00000000,0
2026-03-23 20:00:00,0.0224,0.0224,0.0224,0.0224,0.00000000,1774310399999,0.00000000,0,0.00000000,0.00000000,0
2026-03-24 00:00:00,0.0224,0.0224,0.0224,0.0224,0.00000000,1774324799999,0.00000000,0,0.00000000,0.00000000,0
2026-03-24 04:00:00,0.0224,0.0224,0.0224,0.0224,0.00000000,1774339199999,0.00000000,0,0.00000000,0.00000000,0
2026-03-24 08:00:00,0.0224,0.0224,0.0224,0.0224,0.00000000,1774353599999,0.00000000,0,0.00000000,0.00000000,0
2026-03-24 12:00:00,0.0224,0.0224,0.0224,0.0224,0.00000000,1774367999999,0.00000000,0,0.00000000,0.00000000,0
2026-03-24 16:00:00,0.0224,0.0224,0.0224,0.0224,0.00000000,1774382399999,0.00000000,0,0.00000000,0.00000000,0
2026-03-24 20:00:00,0.0616,0.0654,0.0616,0.0654,3031.90000000,1774396799999,190.71164000,6,3031.90000000,190.71164000,0
2026-03-25 00:00:00,0.0654,0.0654,0.0654,0.0654,0.00000000,1774411199999,0.00000000,0,0.00000000,0.00000000,0
2026-03-25 04:00:00,0.0654,0.0654,0.0654,0.0654,0.00000000,1774425599999,0.00000000,0,0.00000000,0.00000000,0
2026-03-25 08:00:00,0.0654,0.0654,0.0654,0.0654,0.00000000,1774439999999,0.00000000,0,0.00000000,0.00000000,0
2026-03-25 12:00:00,0.0654,0.0654,0.0654,0.0654,0.00000000,1774454399999,0.00000000,0,0.00000000,0.00000000,0
2026-03-25 16:00:00,0.0654,0.0654,0.0654,0.0654,0.00000000,1774468799999,0.00000000,0,0.00000000,0.00000000,0
2026-03-25 20:00:00,0.0303,0.0649,0.0303,0.0493,3685.40000000,1774483199999,175.82938000,5,2360.80000000,135.69400000,0
2026-03-26 00:00:00,0.0493,0.0645,0.0493,0.0645,1812.40000000,1774497599999,115.99542000,5,1812.40000000,115.99542000,0
2026-03-26 04:00:00,0.0645,0.0645,0.0645,0.0645,0.00000000,1774511999999,0.00000000,0,0.00000000,0.00000000,0
2026-03-26 08:00:00,0.0645,0.0645,0.0645,0.0645,0.00000000,1774526399999,0.00000000,0,0.00000000,0.00000000,0
2026-03-26 12:00:00,0.0644,0.0644,0.0644,0.0644,387.50000000,1774540799999,24.95500000,10,387.50000000,24.95500000,0
2026-03-26 16:00:00,0.0644,0.0644,0.0644,0.0644,0.00000000,1774555199999,0.00000000,0,0.00000000,0.00000000,0
2026-03-26 20:00:00,0.0644,0.0644,0.028,0.0644,3093.90000000,1774569599999,159.80950000,15,1861.20000000,119.77636000,0
2026-03-27 00:00:00,0.0644,0.0644,0.0644,0.0644,0.00000000,1774583999999,0.00000000,0,0.00000000,0.00000000,0
2026-03-27 04:00:00,0.047,0.0648,0.035,0.0648,1815.20000000,1774598399999,88.27464000,4,811.80000000,52.60464000,0
2026-03-27 08:00:00,0.0648,0.0648,0.0648,0.0648,0.00000000,1774612799999,0.00000000,0,0.00000000,0.00000000,0
2026-03-27 12:00:00,0.0648,0.0648,0.0648,0.0648,0.00000000,1774627199999,0.00000000,0,0.00000000,0.00000000,0
2026-03-27 16:00:00,0.0648,0.0648,0.0648,0.0648,0.00000000,1774641599999,0.00000000,0,0.00000000,0.00000000,0
2026-03-27 20:00:00,0.0648,0.0648,0.0648,0.0648,0.00000000,1774655999999,0.00000000,0,0.00000000,0.00000000,0
2026-03-28 00:00:00,0.0648,0.0648,0.0648,0.0648,0.00000000,1774670399999,0.00000000,0,0.00000000,0.00000000,0
2026-03-28 04:00:00,0.0648,0.0648,0.0648,0.0648,0.00000000,1774684799999,0.00000000,0,0.00000000,0.00000000,0
2026-03-28 08:00:00,0.0648,0.0648,0.0648,0.0648,0.00000000,1774699199999,0.00000000,0,0.00000000,0.00000000,0
2026-03-28 12:00:00,0.0648,0.0648,0.0648,0.0648,0.00000000,1774713599999,0.00000000,0,0.00000000,0.00000000,0
2026-03-28 16:00:00,0.0648,0.0648,0.0648,0.0648,0.00000000,1774727999999,0.00000000,0,0.00000000,0.00000000,0
2026-03-28 20:00:00,0.0648,0.0648,0.0648,0.0648,0.00000000,1774742399999,0.00000000,0,0.00000000,0.00000000,0
2026-03-29 00:00:00,0.0648,0.0648,0.0648,0.0648,0.00000000,1774756799999,0.00000000,0,0.00000000,0.00000000,0
2026-03-29 04:00:00,0.0648,0.0648,0.0648,0.0648,0.00000000,1774771199999,0.00000000,0,0.00000000,0.00000000,0
2026-03-29 08:00:00,0.0648,0.0648,0.0648,0.0648,0.00000000,1774785599999,0.00000000,0,0.00000000,0.00000000,0
2026-03-29 12:00:00,0.0648,0.0648,0.0648,0.0648,0.00000000,1774799999999,0.00000000,0,0.00000000,0.00000000,0
2026-03-29 16:00:00,0.0648,0.0648,0.0648,0.0648,0.00000000,1774814399999,0.00000000,0,0.00000000,0.00000000,0
2026-03-29 20:00:00,0.0648,0.0648,0.0648,0.0648,0.00000000,1774828799999,0.00000000,0,0.00000000,0.00000000,0
2026-03-30 00:00:00,0.0648,0.0648,0.0648,0.0648,0.00000000,1774843199999,0.00000000,0,0.00000000,0.00000000,0
2026-03-30 04:00:00,0.0459,0.046,0.0459,0.046,285.10000000,1774857599999,13.10024000,3,165.60000000,7.60324000,0
2026-03-30 08:00:00,0.046,0.046,0.046,0.046,0.00000000,1774871999999,0.00000000,0,0.00000000,0.00000000,0
2026-03-30 12:00:00,0.046,0.046,0.046,0.046,0.00000000,1774886399999,0.00000000,0,0.00000000,0.00000000,0
2026-03-30 16:00:00,0.0467,0.0467,0.0459,0.0459,119.50000000,1774900799999,5.50961000,3,23.20000000,1.08344000,0
2026-03-30 20:00:00,0.0459,0.0459,0.0459,0.0459,0.00000000,1774915199999,0.00000000,0,0.00000000,0.00000000,0
2026-03-31 00:00:00,0.0459,0.0459,0.0459,0.0459,0.00000000,1774929599999,0.00000000,0,0.00000000,0.00000000,0
2026-03-31 04:00:00,0.0459,0.0459,0.0459,0.0459,0.00000000,1774943999999,0.00000000,0,0.00000000,0.00000000,0
2026-03-31 08:00:00,0.0459,0.0459,0.0459,0.0459,0.00000000,1774958399999,0.00000000,0,0.00000000,0.00000000,0
2026-03-31 12:00:00,0.0459,0.0459,0.0459,0.0459,0.00000000,1774972799999,0.00000000,0,0.00000000,0.00000000,0
2026-03-31 16:00:00,0.0459,0.0459,0.0459,0.0459,0.00000000,1774987199999,0.00000000,0,0.00000000,0.00000000,0
2026-03-31 20:00:00,0.0459,0.0459,0.0459,0.0459,0.00000000,1775001599999,0.00000000,0,0.00000000,0.00000000,0
2026-04-01 00:00:00,0.0459,0.0459,0.0459,0.0459,0.00000000,1775015999999,0.00000000,0,0.00000000,0.00000000,0
2026-04-01 04:00:00,0.0459,0.0459,0.0459,0.0459,0.00000000,1775030399999,0.00000000,0,0.00000000,0.00000000,0
2026-04-01 08:00:00,0.0459,0.0459,0.0459,0.0459,70.40000000,1775044799999,3.23136000,2,0.00000000,0.00000000,0
2026-04-01 12:00:00,0.0459,0.0459,0.0459,0.0459,0.00000000,1775059199999,0.00000000,0,0.00000000,0.00000000,0
2026-04-01 16:00:00,0.0459,0.0459,0.0459,0.0459,0.00000000,1775073599999,0.00000000,0,0.00000000,0.00000000,0
2026-04-01 20:00:00,0.0459,0.0459,0.0459,0.0459,0.00000000,1775087999999,0.00000000,0,0.00000000,0.00000000,0
2026-04-02 00:00:00,0.0459,0.0459,0.0459,0.0459,0.00000000,1775102399999,0.00000000,0,0.00000000,0.00000000,0
2026-04-02 04:00:00,0.041,0.041,0.041,0.041,725.00000000,1775116799999,29.72500000,3,0.00000000,0.00000000,0
2026-04-02 08:00:00,0.041,0.041,0.041,0.041,0.00000000,1775131199999,0.00000000,0,0.00000000,0.00000000,0
2026-04-02 12:00:00,0.041,0.041,0.041,0.041,0.00000000,1775145599999,0.00000000,0,0.00000000,0.00000000,0
2026-04-02 16:00:00,0.041,0.041,0.041,0.041,0.00000000,1775159999999,0.00000000,0,0.00000000,0.00000000,0
2026-04-02 20:00:00,0.041,0.041,0.041,0.041,0.00000000,1775174399999,0.00000000,0,0.00000000,0.00000000,0
2026-04-03 00:00:00,0.041,0.041,0.041,0.041,0.00000000,1775188799999,0.00000000,0,0.00000000,0.00000000,0
2026-04-03 04:00:00,0.041,0.041,0.041,0.041,0.00000000,1775203199999,0.00000000,0,0.00000000,0.00000000,0
2026-04-03 08:00:00,0.041,0.041,0.041,0.041,0.00000000,1775217599999,0.00000000,0,0.00000000,0.00000000,0
2026-04-03 12:00:00,0.041,0.041,0.041,0.041,0.00000000,1775231999999,0.00000000,0,0.00000000,0.00000000,0
2026-04-03 16:00:00,0.041,0.041,0.041,0.041,0.00000000,1775246399999,0.00000000,0,0.00000000,0.00000000,0
2026-04-03 20:00:00,0.041,0.041,0.041,0.041,0.00000000,1775260799999,0.00000000,0,0.00000000,0.00000000,0
2026-04-04 00:00:00,0.041,0.041,0.041,0.041,0.00000000,1775275199999,0.00000000,0,0.00000000,0.00000000,0
2026-04-04 04:00:00,0.041,0.041,0.041,0.041,0.00000000,1775289599999,0.00000000,0,0.00000000,0.00000000,0
2026-04-04 08:00:00,0.041,0.041,0.041,0.041,0.00000000,1775303999999,0.00000000,0,0.00000000,0.00000000,0
2026-04-04 12:00:00,0.041,0.041,0.041,0.041,0.00000000,1775318399999,0.00000000,0,0.00000000,0.00000000,0
2026-04-04 16:00:00,0.041,0.041,0.041,0.041,0.00000000,1775332799999,0.00000000,0,0.00000000,0.00000000,0
2026-04-04 20:00:00,0.041,0.041,0.041,0.041,0.00000000,1775347199999,0.00000000,0,0.00000000,0.00000000,0
2026-04-05 00:00:00,0.041,0.041,0.041,0.041,0.00000000,1775361599999,0.00000000,0,0.00000000,0.00000000,0
2026-04-05 04:00:00,0.041,0.041,0.041,0.041,0.00000000,1775375999999,0.00000000,0,0.00000000,0.00000000,0
2026-04-05 08:00:00,0.041,0.041,0.041,0.041,0.00000000,1775390399999,0.00000000,0,0.00000000,0.00000000,0
2026-04-05 12:00:00,0.041,0.041,0.041,0.041,0.00000000,1775404799999,0.00000000,0,0.00000000,0.00000000,0
2026-04-05 16:00:00,0.041,0.041,0.041,0.041,0.00000000,1775419199999,0.00000000,0,0.00000000,0.00000000,0
2026-04-05 20:00:00,0.041,0.041,0.041,0.041,0.00000000,1775433599999,0.00000000,0,0.00000000,0.00000000,0
2026-04-06 00:00:00,0.0303,0.0303,0.0303,0.0303,808.60000000,1775447999999,24.50058000,2,0.00000000,0.00000000,0
2026-04-06 04:00:00,0.0303,0.0303,0.0303,0.0303,0.00000000,1775462399999,0.00000000,0,0.00000000,0.00000000,0
2026-04-06 08:00:00,0.0303,0.0303,0.0303,0.0303,0.00000000,1775476799999,0.00000000,0,0.00000000,0.00000000,0
2026-04-06 12:00:00,0.0303,0.0303,0.0303,0.0303,0.00000000,1775491199999,0.00000000,0,0.00000000,0.00000000,0
2026-04-06 16:00:00,0.0303,0.0303,0.0303,0.0303,0.00000000,1775505599999,0.00000000,0,0.00000000,0.00000000,0
2026-04-06 20:00:00,0.0303,0.0303,0.0303,0.0303,0.00000000,1775519999999,0.00000000,0,0.00000000,0.00000000,0
2026-04-07 00:00:00,0.0303,0.0303,0.0303,0.0303,0.00000000,1775534399999,0.00000000,0,0.00000000,0.00000000,0
2026-04-07 04:00:00,0.0303,0.0303,0.0303,0.0303,0.00000000,1775548799999,0.00000000,0,0.00000000,0.00000000,0
2026-04-07 08:00:00,0.0303,0.0303,0.0303,0.0303,0.00000000,1775563199999,0.00000000,0,0.00000000,0.00000000,0
2026-04-07 12:00:00,0.0303,0.0303,0.0303,0.0303,0.00000000,1775577599999,0.00000000,0,0.00000000,0.00000000,0
2026-04-07 16:00:00,0.0303,0.0303,0.0303,0.0303,0.00000000,1775591999999,0.00000000,0,0.00000000,0.00000000,0
2026-04-07 20:00:00,0.0303,0.0303,0.0303,0.0303,0.00000000,1775606399999,0.00000000,0,0.00000000,0.00000000,0
2026-04-08 00:00:00,0.0303,0.0303,0.0303,0.0303,0.00000000,1775620799999,0.00000000,0,0.00000000,0.00000000,0
2026-04-08 04:00:00,0.0303,0.0303,0.0303,0.0303,0.00000000,1775635199999,0.00000000,0,0.00000000,0.00000000,0
2026-04-08 08:00:00,0.0303,0.0303,0.0303,0.0303,0.00000000,1775649599999,0.00000000,0,0.00000000,0.00000000,0
2026-04-08 12:00:00,0.0303,0.0303,0.0303,0.0303,0.00000000,1775663999999,0.00000000,0,0.00000000,0.00000000,0
2026-04-08 16:00:00,0.0303,0.0303,0.0303,0.0303,0.00000000,1775678399999,0.00000000,0,0.00000000,0.00000000,0
2026-04-08 20:00:00,0.0303,0.0303,0.0303,0.0303,0.00000000,1775692799999,0.00000000,0,0.00000000,0.00000000,0
2026-04-09 00:00:00,0.0303,0.0303,0.0303,0.0303,881.20000000,1775707199999,26.70036000,1,0.00000000,0.00000000,0
2026-04-09 04:00:00,0.0303,0.0303,0.0303,0.0303,0.00000000,1775721599999,0.00000000,0,0.00000000,0.00000000,0
2026-04-09 08:00:00,0.0303,0.0303,0.0303,0.0303,77.80000000,1775735999999,2.35734000,1,0.00000000,0.00000000,0
2026-04-09 12:00:00,0.0303,0.0303,0.0303,0.0303,0.00000000,1775750399999,0.00000000,0,0.00000000,0.00000000,0
2026-04-09 16:00:00,0.0303,0.0303,0.0303,0.0303,0.00000000,1775764799999,0.00000000,0,0.00000000,0.00000000,0
2026-04-09 20:00:00,0.0499,0.05,0.0499,0.05,69.80000000,1775779199999,3.48677000,2,69.80000000,3.48677000,0
2026-04-10 00:00:00,0.0491,0.0544,0.0491,0.0544,1768.40000000,1775793599999,86.93296000,5,1768.40000000,86.93296000,0
2026-04-10 04:00:00,0.0544,0.0544,0.0544,0.0544,0.00000000,1775807999999,0.00000000,0,0.00000000,0.00000000,0
2026-04-10 08:00:00,0.0544,0.0544,0.0544,0.0544,0.00000000,1775822399999,0.00000000,0,0.00000000,0.00000000,0
2026-04-10 12:00:00,0.0544,0.0544,0.0544,0.0544,0.00000000,1775836799999,0.00000000,0,0.00000000,0.00000000,0
2026-04-10 16:00:00,0.0544,0.0544,0.0544,0.0544,0.00000000,1775851199999,0.00000000,0,0.00000000,0.00000000,0
2026-04-10 20:00:00,0.0544,0.0544,0.0544,0.0544,0.00000000,1775865599999,0.00000000,0,0.00000000,0.00000000,0
2026-04-11 00:00:00,0.0544,0.0544,0.0544,0.0544,0.00000000,1775879999999,0.00000000,0,0.00000000,0.00000000,0
2026-04-11 04:00:00,0.0544,0.0544,0.0544,0.0544,0.00000000,1775894399999,0.00000000,0,0.00000000,0.00000000,0
2026-04-11 08:00:00,0.0544,0.0544,0.0544,0.0544,0.00000000,1775908799999,0.00000000,0,0.00000000,0.00000000,0
2026-04-11 12:00:00,0.0544,0.0544,0.0544,0.0544,0.00000000,1775923199999,0.00000000,0,0.00000000,0.00000000,0
2026-04-11 16:00:00,0.0544,0.0544,0.0544,0.0544,0.00000000,1775937599999,0.00000000,0,0.00000000,0.00000000,0
2026-04-11 20:00:00,0.0544,0.0544,0.0544,0.0544,0.00000000,1775951999999,0.00000000,0,0.00000000,0.00000000,0
2026-04-12 00:00:00,0.0544,0.0544,0.0544,0.0544,0.00000000,1775966399999,0.00000000,0,0.00000000,0.00000000,0
2026-04-12 04:00:00,0.0544,0.0544,0.0544,0.0544,0.00000000,1775980799999,0.00000000,0,0.00000000,0.00000000,0
2026-04-12 08:00:00,0.0544,0.0544,0.0544,0.0544,0.00000000,1775995199999,0.00000000,0,0.00000000,0.00000000,0
2026-04-12 12:00:00,0.0544,0.0544,0.0544,0.0544,0.00000000,1776009599999,0.00000000,0,0.00000000,0.00000000,0
2026-04-12 16:00:00,0.0544,0.0544,0.0544,0.0544,0.00000000,1776023999999,0.00000000,0,0.00000000,0.00000000,0
2026-04-12 20:00:00,0.0544,0.0544,0.0544,0.0544,0.00000000,1776038399999,0.00000000,0,0.00000000,0.00000000,0
2026-04-13 00:00:00,0.0544,0.0544,0.0544,0.0544,0.00000000,1776052799999,0.00000000,0,0.00000000,0.00000000,0
2026-04-13 04:00:00,0.0544,0.0544,0.0544,0.0544,0.00000000,1776067199999,0.00000000,0,0.00000000,0.00000000,0
2026-04-13 08:00:00,0.0544,0.0544,0.0544,0.0544,0.00000000,1776081599999,0.00000000,0,0.00000000,0.00000000,0
2026-04-13 12:00:00,0.0544,0.0544,0.0544,0.0544,0.00000000,1776095999999,0.00000000,0,0.00000000,0.00000000,0
2026-04-13 16:00:00,0.0544,0.0544,0.0544,0.0544,0.00000000,1776110399999,0.00000000,0,0.00000000,0.00000000,0
2026-04-13 20:00:00,0.0544,0.0544,0.0544,0.0544,0.00000000,1776124799999,0.00000000,0,0.00000000,0.00000000,0
2026-04-14 00:00:00,0.0544,0.0544,0.0544,0.0544,0.00000000,1776139199999,0.00000000,0,0.00000000,0.00000000,0
2026-04-14 04:00:00,0.0544,0.0544,0.0544,0.0544,0.00000000,1776153599999,0.00000000,0,0.00000000,0.00000000,0
2026-04-14 08:00:00,0.0544,0.0544,0.0544,0.0544,0.00000000,1776167999999,0.00000000,0,0.00000000,0.00000000,0
2026-04-14 12:00:00,0.0544,0.0544,0.0544,0.0544,0.00000000,1776182399999,0.00000000,0,0.00000000,0.00000000,0
2026-04-14 16:00:00,0.0544,0.0544,0.0544,0.0544,0.00000000,1776196799999,0.00000000,0,0.00000000,0.00000000,0
2026-04-14 20:00:00,0.0544,0.0544,0.0544,0.0544,0.00000000,1776211199999,0.00000000,0,0.00000000,0.00000000,0
2026-04-15 00:00:00,0.0544,0.0544,0.0544,0.0544,0.00000000,1776225599999,0.00000000,0,0.00000000,0.00000000,0
2026-04-15 04:00:00,0.0544,0.0544,0.0544,0.0544,0.00000000,1776239999999,0.00000000,0,0.00000000,0.00000000,0
2026-04-15 08:00:00,0.0544,0.0544,0.0544,0.0544,0.00000000,1776254399999,0.00000000,0,0.00000000,0.00000000,0
2026-04-15 12:00:00,0.0544,0.0544,0.0544,0.0544,0.00000000,1776268799999,0.00000000,0,0.00000000,0.00000000,0
2026-04-15 16:00:00,0.0544,0.0544,0.0544,0.0544,0.00000000,1776283199999,0.00000000,0,0.00000000,0.00000000,0
2026-04-15 20:00:00,0.0544,0.0544,0.0544,0.0544,0.00000000,1776297599999,0.00000000,0,0.00000000,0.00000000,0
2026-04-16 00:00:00,0.0544,0.0544,0.0544,0.0544,7.20000000,1776311999999,0.39168000,1,7.20000000,0.39168000,0
2026-04-16 04:00:00,0.0544,0.0544,0.0544,0.0544,313.80000000,1776326399999,17.07072000,1,313.80000000,17.07072000,0
2026-04-16 08:00:00,0.0647,0.0649,0.0647,0.0649,169.60000000,1776340799999,10.99468000,2,169.60000000,10.99468000,0
2026-04-16 12:00:00,0.0649,0.0649,0.0649,0.0649,0.00000000,1776355199999,0.00000000,0,0.00000000,0.00000000,0
2026-04-16 16:00:00,0.0648,0.0649,0.0648,0.0649,1538.60000000,1776369599999,99.84897000,2,1538.60000000,99.84897000,0
2026-04-16 20:00:00,0.0649,0.0649,0.0324,0.0324,583.00000000,1776383999999,26.88745000,3,246.10000000,15.97189000,0
2026-04-17 00:00:00,0.0324,0.0324,0.0324,0.0324,0.00000000,1776398399999,0.00000000,0,0.00000000,0.00000000,0
2026-04-17 04:00:00,0.05,0.0598,0.05,0.0598,1560.20000000,1776412799999,78.99000000,2,1560.20000000,78.99000000,0
2026-04-17 08:00:00,0.0598,0.0598,0.0598,0.0598,0.00000000,1776427199999,0.00000000,0,0.00000000,0.00000000,0
2026-04-17 12:00:00,0.0597,0.0598,0.0597,0.0598,202.90000000,1776441599999,12.12753000,4,202.90000000,12.12753000,0
2026-04-17 16:00:00,0.0598,0.0598,0.0598,0.0598,33.50000000,1776455999999,2.00330000,1,33.50000000,2.00330000,0
2026-04-17 20:00:00,0.0598,0.0598,0.0598,0.0598,58.50000000,1776470399999,3.49830000,2,58.50000000,3.49830000,0
2026-04-18 00:00:00,0.0598,0.0598,0.0598,0.0598,0.00000000,1776484799999,0.00000000,0,0.00000000,0.00000000,0
2026-04-18 04:00:00,0.0598,0.0598,0.0598,0.0598,0.00000000,1776499199999,0.00000000,0,0.00000000,0.00000000,0
2026-04-18 08:00:00,0.0598,0.0598,0.0598,0.0598,0.00000000,1776513599999,0.00000000,0,0.00000000,0.00000000,0
2026-04-18 12:00:00,0.0598,0.0598,0.0598,0.0598,0.00000000,1776527999999,0.00000000,0,0.00000000,0.00000000,0
2026-04-18 16:00:00,0.0598,0.0598,0.0598,0.0598,0.00000000,1776542399999,0.00000000,0,0.00000000,0.00000000,0
2026-04-18 20:00:00,0.0598,0.0598,0.0598,0.0598,0.00000000,1776556799999,0.00000000,0,0.00000000,0.00000000,0
2026-04-19 00:00:00,0.0598,0.0598,0.0598,0.0598,0.00000000,1776571199999,0.00000000,0,0.00000000,0.00000000,0
2026-04-19 04:00:00,0.0598,0.0598,0.0598,0.0598,0.00000000,1776585599999,0.00000000,0,0.00000000,0.00000000,0
2026-04-19 08:00:00,0.0598,0.0598,0.0598,0.0598,0.00000000,1776599999999,0.00000000,0,0.00000000,0.00000000,0
2026-04-19 12:00:00,0.0598,0.0598,0.0598,0.0598,0.00000000,1776614399999,0.00000000,0,0.00000000,0.00000000,0
2026-04-19 16:00:00,0.0598,0.0598,0.0598,0.0598,0.00000000,1776628799999,0.00000000,0,0.00000000,0.00000000,0
2026-04-19 20:00:00,0.0598,0.0598,0.0598,0.0598,0.00000000,1776643199999,0.00000000,0,0.00000000,0.00000000,0
2026-04-20 00:00:00,0.0598,0.0598,0.0598,0.0598,0.00000000,1776657599999,0.00000000,0,0.00000000,0.00000000,0
2026-04-20 04:00:00,0.0598,0.0598,0.0598,0.0598,0.00000000,1776671999999,0.00000000,0,0.00000000,0.00000000,0
2026-04-20 08:00:00,0.0598,0.0598,0.0598,0.0598,0.00000000,1776686399999,0.00000000,0,0.00000000,0.00000000,0
2026-04-20 12:00:00,0.0598,0.0598,0.0598,0.0598,0.00000000,1776700799999,0.00000000,0,0.00000000,0.00000000,0
2026-04-20 16:00:00,0.0598,0.0598,0.0598,0.0598,0.00000000,1776715199999,0.00000000,0,0.00000000,0.00000000,0
2026-04-20 20:00:00,0.0598,0.0598,0.0598,0.0598,0.00000000,1776729599999,0.00000000,0,0.00000000,0.00000000,0
2026-04-21 00:00:00,0.0598,0.0598,0.0598,0.0598,0.00000000,1776743999999,0.00000000,0,0.00000000,0.00000000,0
2026-04-21 04:00:00,0.0598,0.0598,0.0598,0.0598,0.00000000,1776758399999,0.00000000,0,0.00000000,0.00000000,0
2026-04-21 08:00:00,0.0598,0.0598,0.0598,0.0598,0.00000000,1776772799999,0.00000000,0,0.00000000,0.00000000,0
2026-04-21 12:00:00,0.0598,0.0598,0.0598,0.0598,0.00000000,1776787199999,0.00000000,0,0.00000000,0.00000000,0
2026-04-21 16:00:00,0.0598,0.0598,0.0598,0.0598,0.00000000,1776801599999,0.00000000,0,0.00000000,0.00000000,0
2026-04-21 20:00:00,0.0598,0.0598,0.0598,0.0598,0.00000000,1776815999999,0.00000000,0,0.00000000,0.00000000,0
2026-04-22 00:00:00,0.0598,0.0598,0.0598,0.0598,0.00000000,1776830399999,0.00000000,0,0.00000000,0.00000000,0
2026-04-22 04:00:00,0.0598,0.0598,0.0598,0.0598,0.00000000,1776844799999,0.00000000,0,0.00000000,0.00000000,0
2026-04-22 08:00:00,0.0598,0.0598,0.0598,0.0598,0.00000000,1776859199999,0.00000000,0,0.00000000,0.00000000,0
2026-04-22 12:00:00,0.0598,0.0598,0.0598,0.0598,0.00000000,1776873599999,0.00000000,0,0.00000000,0.00000000,0
2026-04-22 16:00:00,0.0598,0.0598,0.0598,0.0598,0.00000000,1776887999999,0.00000000,0,0.00000000,0.00000000,0
2026-04-22 20:00:00,0.0598,0.0598,0.0598,0.0598,0.00000000,1776902399999,0.00000000,0,0.00000000,0.00000000,0
2026-04-23 00:00:00,0.0598,0.0598,0.0598,0.0598,0.00000000,1776916799999,0.00000000,0,0.00000000,0.00000000,0
2026-04-23 04:00:00,0.0598,0.0598,0.0598,0.0598,0.00000000,1776931199999,0.00000000,0,0.00000000,0.00000000,0
2026-04-23 08:00:00,0.0598,0.0598,0.0598,0.0598,0.00000000,1776945599999,0.00000000,0,0.00000000,0.00000000,0
2026-04-23 12:00:00,0.0598,0.0598,0.0598,0.0598,0.00000000,1776959999999,0.00000000,0,0.00000000,0.00000000,0
2026-04-23 16:00:00,0.0598,0.0598,0.0598,0.0598,0.00000000,1776974399999,0.00000000,0,0.00000000,0.00000000,0
2026-04-23 20:00:00,0.0598,0.0598,0.0598,0.0598,0.00000000,1776988799999,0.00000000,0,0.00000000,0.00000000,0
2026-04-24 00:00:00,0.0598,0.0598,0.0598,0.0598,0.00000000,1777003199999,0.00000000,0,0.00000000,0.00000000,0
2026-04-24 04:00:00,0.0598,0.0598,0.0598,0.0598,0.00000000,1777017599999,0.00000000,0,0.00000000,0.00000000,0
2026-04-24 08:00:00,0.0598,0.0598,0.0598,0.0598,0.00000000,1777031999999,0.00000000,0,0.00000000,0.00000000,0
2026-04-24 12:00:00,0.0598,0.0598,0.0598,0.0598,0.00000000,1777046399999,0.00000000,0,0.00000000,0.00000000,0
2026-04-24 16:00:00,0.0598,0.0598,0.0598,0.0598,0.00000000,1777060799999,0.00000000,0,0.00000000,0.00000000,0
2026-04-24 20:00:00,0.0598,0.0598,0.0598,0.0598,0.00000000,1777075199999,0.00000000,0,0.00000000,0.00000000,0
2026-04-25 00:00:00,0.0598,0.0598,0.0598,0.0598,0.00000000,1777089599999,0.00000000,0,0.00000000,0.00000000,0
2026-04-25 04:00:00,0.0598,0.0598,0.0598,0.0598,0.00000000,1777103999999,0.00000000,0,0.00000000,0.00000000,0
2026-04-25 08:00:00,0.0598,0.0598,0.0598,0.0598,0.00000000,1777118399999,0.00000000,0,0.00000000,0.00000000,0
2026-04-25 12:00:00,0.0598,0.0598,0.0598,0.0598,0.00000000,1777132799999,0.00000000,0,0.00000000,0.00000000,0
2026-04-25 16:00:00,0.0598,0.0598,0.0598,0.0598,0.00000000,1777147199999,0.00000000,0,0.00000000,0.00000000,0
2026-04-25 20:00:00,0.0598,0.0598,0.0598,0.0598,0.00000000,1777161599999,0.00000000,0,0.00000000,0.00000000,0
2026-04-26 00:00:00,0.0598,0.0598,0.0598,0.0598,0.00000000,1777175999999,0.00000000,0,0.00000000,0.00000000,0
2026-04-26 04:00:00,0.0598,0.0598,0.0598,0.0598,0.00000000,1777190399999,0.00000000,0,0.00000000,0.00000000,0
2026-04-26 08:00:00,0.0598,0.0598,0.0598,0.0598,0.00000000,1777204799999,0.00000000,0,0.00000000,0.00000000,0
2026-04-26 12:00:00,0.0598,0.0598,0.0598,0.0598,0.00000000,1777219199999,0.00000000,0,0.00000000,0.00000000,0
2026-04-26 16:00:00,0.0598,0.0598,0.0598,0.0598,0.00000000,1777233599999,0.00000000,0,0.00000000,0.00000000,0
2026-04-26 20:00:00,0.0598,0.0598,0.0598,0.0598,0.00000000,1777247999999,0.00000000,0,0.00000000,0.00000000,0
2026-04-27 00:00:00,0.0598,0.0598,0.0598,0.0598,0.00000000,1777262399999,0.00000000,0,0.00000000,0.00000000,0
2026-04-27 04:00:00,0.0598,0.0598,0.0598,0.0598,0.00000000,1777276799999,0.00000000,0,0.00000000,0.00000000,0
2026-04-27 08:00:00,0.0598,0.0598,0.0598,0.0598,0.00000000,1777291199999,0.00000000,0,0.00000000,0.00000000,0
2026-04-27 12:00:00,0.0598,0.0598,0.0598,0.0598,0.00000000,1777305599999,0.00000000,0,0.00000000,0.00000000,0
2026-04-27 16:00:00,0.0598,0.0598,0.0598,0.0598,0.00000000,1777319999999,0.00000000,0,0.00000000,0.00000000,0
2026-04-27 20:00:00,0.0598,0.0598,0.0598,0.0598,0.00000000,1777334399999,0.00000000,0,0.00000000,0.00000000,0
2026-04-28 00:00:00,0.0598,0.0598,0.0598,0.0598,0.00000000,1777348799999,0.00000000,0,0.00000000,0.00000000,0
2026-04-28 04:00:00,0.0598,0.0598,0.0598,0.0598,0.00000000,1777363199999,0.00000000,0,0.00000000,0.00000000,0
2026-04-28 08:00:00,0.0598,0.0598,0.0598,0.0598,0.00000000,1777377599999,0.00000000,0,0.00000000,0.00000000,0
2026-04-28 12:00:00,0.0598,0.0598,0.0598,0.0598,0.00000000,1777391999999,0.00000000,0,0.00000000,0.00000000,0
2026-04-28 16:00:00,0.0598,0.0598,0.0598,0.0598,0.00000000,1777406399999,0.00000000,0,0.00000000,0.00000000,0
2026-04-28 20:00:00,0.0598,0.0598,0.0598,0.0598,0.00000000,1777420799999,0.00000000,0,0.00000000,0.00000000,0
2026-04-29 00:00:00,0.0598,0.0598,0.0598,0.0598,0.00000000,1777435199999,0.00000000,0,0.00000000,0.00000000,0
2026-04-29 04:00:00,0.0598,0.0598,0.0598,0.0598,0.00000000,1777449599999,0.00000000,0,0.00000000,0.00000000,0
2026-04-29 08:00:00,0.0598,0.0598,0.0598,0.0598,2503.10000000,1777463999999,149.68538000,1,2503.10000000,149.68538000,0
2026-04-29 12:00:00,0.0598,0.0598,0.0598,0.0598,0.00000000,1777478399999,0.00000000,0,0.00000000,0.00000000,0
2026-04-29 16:00:00,0.0598,0.0598,0.0598,0.0598,0.00000000,1777492799999,0.00000000,0,0.00000000,0.00000000,0
2026-04-29 20:00:00,0.0598,0.0598,0.0598,0.0598,0.00000000,1777507199999,0.00000000,0,0.00000000,0.00000000,0
2026-04-30 00:00:00,0.0598,0.0598,0.0598,0.0598,0.00000000,1777521599999,0.00000000,0,0.00000000,0.00000000,0
2026-04-30 04:00:00,0.0598,0.0598,0.0598,0.0598,0.00000000,1777535999999,0.00000000,0,0.00000000,0.00000000,0
2026-04-30 08:00:00,0.0598,0.0598,0.0598,0.0598,0.00000000,1777550399999,0.00000000,0,0.00000000,0.00000000,0
2026-04-30 12:00:00,0.0598,0.0598,0.0598,0.0598,0.00000000,1777564799999,0.00000000,0,0.00000000,0.00000000,0
2026-04-30 16:00:00,0.0598,0.0598,0.0598,0.0598,0.00000000,1777579199999,0.00000000,0,0.00000000,0.00000000,0
2026-04-30 20:00:00,0.0598,0.0598,0.0598,0.0598,0.00000000,1777593599999,0.00000000,0,0.00000000,0.00000000,0
2026-05-01 00:00:00,0.0598,0.0598,0.0598,0.0598,0.00000000,1777607999999,0.00000000,0,0.00000000,0.00000000,0
2026-05-01 04:00:00,0.0598,0.0598,0.0598,0.0598,0.00000000,1777622399999,0.00000000,0,0.00000000,0.00000000,0
2026-05-01 08:00:00,0.0598,0.0598,0.0598,0.0598,0.00000000,1777636799999,0.00000000,0,0.00000000,0.00000000,0
2026-05-01 12:00:00,0.0598,0.0598,0.0598,0.0598,0.00000000,1777651199999,0.00000000,0,0.00000000,0.00000000,0
2026-05-01 16:00:00,0.0598,0.0598,0.0598,0.0598,0.00000000,1777665599999,0.00000000,0,0.00000000,0.00000000,0
2026-05-01 20:00:00,0.0598,0.0598,0.0598,0.0598,0.00000000,1777679999999,0.00000000,0,0.00000000,0.00000000,0
2026-05-02 00:00:00,0.0598,0.0598,0.0598,0.0598,0.00000000,1777694399999,0.00000000,0,0.00000000,0.00000000,0
2026-05-02 04:00:00,0.0598,0.0598,0.0598,0.0598,0.00000000,1777708799999,0.00000000,0,0.00000000,0.00000000,0
2026-05-02 08:00:00,0.0598,0.0598,0.0598,0.0598,0.00000000,1777723199999,0.00000000,0,0.00000000,0.00000000,0
2026-05-02 12:00:00,0.0598,0.0598,0.0598,0.0598,0.00000000,1777737599999,0.00000000,0,0.00000000,0.00000000,0
2026-05-02 16:00:00,0.0598,0.0598,0.0598,0.0598,0.00000000,1777751999999,0.00000000,0,0.00000000,0.00000000,0
2026-05-02 20:00:00,0.0598,0.0598,0.0598,0.0598,0.00000000,1777766399999,0.00000000,0,0.00000000,0.00000000,0
2026-05-03 00:00:00,0.0598,0.0598,0.0598,0.0598,0.00000000,1777780799999,0.00000000,0,0.00000000,0.00000000,0
2026-05-03 04:00:00,0.0598,0.0598,0.0598,0.0598,0.00000000,1777795199999,0.00000000,0,0.00000000,0.00000000,0
2026-05-03 08:00:00,0.0598,0.0598,0.0598,0.0598,0.00000000,1777809599999,0.00000000,0,0.00000000,0.00000000,0
2026-05-03 12:00:00,0.0598,0.0598,0.0598,0.0598,0.00000000,1777823999999,0.00000000,0,0.00000000,0.00000000,0
2026-05-03 16:00:00,0.0598,0.0598,0.0598,0.0598,0.00000000,1777838399999,0.00000000,0,0.00000000,0.00000000,0
2026-05-03 20:00:00,0.0598,0.0598,0.0598,0.0598,0.00000000,1777852799999,0.00000000,0,0.00000000,0.00000000,0
2026-05-04 00:00:00,0.0598,0.0598,0.0598,0.0598,0.00000000,1777867199999,0.00000000,0,0.00000000,0.00000000,0
2026-05-04 04:00:00,0.0598,0.0598,0.0598,0.0598,0.00000000,1777881599999,0.00000000,0,0.00000000,0.00000000,0
2026-05-04 08:00:00,0.0598,0.0598,0.0598,0.0598,0.00000000,1777895999999,0.00000000,0,0.00000000,0.00000000,0
2026-05-04 12:00:00,0.0598,0.0598,0.0598,0.0598,0.00000000,1777910399999,0.00000000,0,0.00000000,0.00000000,0
2026-05-04 16:00:00,0.0598,0.0598,0.0598,0.0598,0.00000000,1777924799999,0.00000000,0,0.00000000,0.00000000,0
2026-05-04 20:00:00,0.0598,0.0598,0.0598,0.0598,0.00000000,1777939199999,0.00000000,0,0.00000000,0.00000000,0
2026-05-05 00:00:00,0.0598,0.0598,0.0598,0.0598,0.00000000,1777953599999,0.00000000,0,0.00000000,0.00000000,0
2026-05-05 04:00:00,0.0598,0.0598,0.0598,0.0598,0.00000000,1777967999999,0.00000000,0,0.00000000,0.00000000,0
2026-05-05 08:00:00,0.0598,0.0598,0.0598,0.0598,0.00000000,1777982399999,0.00000000,0,0.00000000,0.00000000,0
2026-05-05 12:00:00,0.0598,0.0598,0.0598,0.0598,0.00000000,1777996799999,0.00000000,0,0.00000000,0.00000000,0
2026-05-05 16:00:00,0.0598,0.0598,0.0598,0.0598,0.00000000,1778011199999,0.00000000,0,0.00000000,0.00000000,0
2026-05-05 20:00:00,0.0598,0.0598,0.0598,0.0598,0.00000000,1778025599999,0.00000000,0,0.00000000,0.00000000,0
2026-05-06 00:00:00,0.0598,0.0598,0.0598,0.0598,0.00000000,1778039999999,0.00000000,0,0.00000000,0.00000000,0
2026-05-06 04:00:00,0.0598,0.0598,0.0598,0.0598,0.00000000,1778054399999,0.00000000,0,0.00000000,0.00000000,0
2026-05-06 08:00:00,0.0598,0.0598,0.0598,0.0598,0.00000000,1778068799999,0.00000000,0,0.00000000,0.00000000,0
2026-05-06 12:00:00,0.0598,0.0598,0.0598,0.0598,0.00000000,1778083199999,0.00000000,0,0.00000000,0.00000000,0
2026-05-06 16:00:00,0.0598,0.0598,0.0598,0.0598,0.00000000,1778097599999,0.00000000,0,0.00000000,0.00000000,0
2026-05-06 20:00:00,0.0598,0.0598,0.0598,0.0598,0.00000000,1778111999999,0.00000000,0,0.00000000,0.00000000,0
2026-05-07 00:00:00,0.0598,0.0598,0.0598,0.0598,0.00000000,1778126399999,0.00000000,0,0.00000000,0.00000000,0
2026-05-07 04:00:00,0.0598,0.0598,0.0598,0.0598,0.00000000,1778140799999,0.00000000,0,0.00000000,0.00000000,0
2026-05-07 08:00:00,0.0598,0.0598,0.0598,0.0598,0.00000000,1778155199999,0.00000000,0,0.00000000,0.00000000,0
2026-05-07 12:00:00,0.0598,0.0598,0.0598,0.0598,0.00000000,1778169599999,0.00000000,0,0.00000000,0.00000000,0
2026-05-07 16:00:00,0.0598,0.0598,0.0598,0.0598,0.00000000,1778183999999,0.00000000,0,0.00000000,0.00000000,0
2026-05-07 20:00:00,0.0598,0.0598,0.0598,0.0598,0.00000000,1778198399999,0.00000000,0,0.00000000,0.00000000,0
2026-05-08 00:00:00,0.0598,0.0598,0.0598,0.0598,0.00000000,1778212799999,0.00000000,0,0.00000000,0.00000000,0
2026-05-08 04:00:00,0.0598,0.0598,0.0598,0.0598,0.00000000,1778227199999,0.00000000,0,0.00000000,0.00000000,0
2026-05-08 08:00:00,0.0598,0.0598,0.0598,0.0598,0.00000000,1778241599999,0.00000000,0,0.00000000,0.00000000,0
2026-05-08 12:00:00,0.0598,0.0598,0.0598,0.0598,0.00000000,1778255999999,0.00000000,0,0.00000000,0.00000000,0
2026-05-08 16:00:00,0.0598,0.0598,0.0598,0.0598,0.00000000,1778270399999,0.00000000,0,0.00000000,0.00000000,0
2026-05-08 20:00:00,0.0598,0.0598,0.0598,0.0598,0.00000000,1778284799999,0.00000000,0,0.00000000,0.00000000,0
2026-05-09 00:00:00,0.0598,0.0598,0.0598,0.0598,0.00000000,1778299199999,0.00000000,0,0.00000000,0.00000000,0
2026-05-09 04:00:00,0.0598,0.0598,0.0598,0.0598,0.00000000,1778313599999,0.00000000,0,0.00000000,0.00000000,0
2026-05-09 08:00:00,0.0598,0.0598,0.0598,0.0598,0.00000000,1778327999999,0.00000000,0,0.00000000,0.00000000,0
2026-05-09 12:00:00,0.0598,0.0598,0.0598,0.0598,0.00000000,1778342399999,0.00000000,0,0.00000000,0.00000000,0
2026-05-09 16:00:00,0.0598,0.0598,0.0598,0.0598,0.00000000,1778356799999,0.00000000,0,0.00000000,0.00000000,0
2026-05-09 20:00:00,0.0598,0.0598,0.0598,0.0598,0.00000000,1778371199999,0.00000000,0,0.00000000,0.00000000,0
2026-05-10 00:00:00,0.0598,0.0598,0.0598,0.0598,0.00000000,1778385599999,0.00000000,0,0.00000000,0.00000000,0
2026-05-10 04:00:00,0.0598,0.0598,0.0598,0.0598,0.00000000,1778399999999,0.00000000,0,0.00000000,0.00000000,0
2026-05-10 08:00:00,0.0598,0.0598,0.0598,0.0598,0.00000000,1778414399999,0.00000000,0,0.00000000,0.00000000,0
2026-05-10 12:00:00,0.0598,0.0598,0.0598,0.0598,0.00000000,1778428799999,0.00000000,0,0.00000000,0.00000000,0
2026-05-10 16:00:00,0.0598,0.0598,0.0598,0.0598,0.00000000,1778443199999,0.00000000,0,0.00000000,0.00000000,0
2026-05-10 20:00:00,0.0655,0.0655,0.0655,0.0655,40.50000000,1778457599999,2.65275000,1,40.50000000,2.65275000,0
2026-05-11 00:00:00,0.0655,0.0655,0.0655,0.0655,0.00000000,1778471999999,0.00000000,0,0.00000000,0.00000000,0
2026-05-11 04:00:00,0.0655,0.0655,0.0655,0.0655,0.00000000,1778486399999,0.00000000,0,0.00000000,0.00000000,0
2026-05-11 08:00:00,0.0655,0.0655,0.0655,0.0655,0.00000000,1778500799999,0.00000000,0,0.00000000,0.00000000,0
2026-05-11 12:00:00,0.0655,0.0655,0.0655,0.0655,0.00000000,1778515199999,0.00000000,0,0.00000000,0.00000000,0
2026-05-11 16:00:00,0.0655,0.0655,0.0655,0.0655,0.00000000,1778529599999,0.00000000,0,0.00000000,0.00000000,0
2026-05-11 20:00:00,0.0655,0.0655,0.0655,0.0655,0.00000000,1778543999999,0.00000000,0,0.00000000,0.00000000,0
2026-05-12 00:00:00,0.0655,0.0655,0.0655,0.0655,0.00000000,1778558399999,0.00000000,0,0.00000000,0.00000000,0
2026-05-12 04:00:00,0.0655,0.0655,0.0655,0.0655,0.00000000,1778572799999,0.00000000,0,0.00000000,0.00000000,0
2026-05-12 08:00:00,0.0655,0.0655,0.0655,0.0655,0.00000000,1778587199999,0.00000000,0,0.00000000,0.00000000,0
2026-05-12 12:00:00,0.0655,0.0655,0.0655,0.0655,0.00000000,1778601599999,0.00000000,0,0.00000000,0.00000000,0
2026-05-12 16:00:00,0.0655,0.0655,0.0655,0.0655,0.00000000,1778615999999,0.00000000,0,0.00000000,0.00000000,0
2026-05-12 20:00:00,0.0655,0.0655,0.0655,0.0655,0.00000000,1778630399999,0.00000000,0,0.00000000,0.00000000,0
2026-05-13 00:00:00,0.0655,0.0655,0.0655,0.0655,0.00000000,1778644799999,0.00000000,0,0.00000000,0.00000000,0
2026-05-13 04:00:00,0.0655,0.0655,0.0655,0.0655,0.00000000,1778659199999,0.00000000,0,0.00000000,0.00000000,0
2026-05-13 08:00:00,0.0655,0.0655,0.0655,0.0655,0.00000000,1778673599999,0.00000000,0,0.00000000,0.00000000,0
2026-05-13 12:00:00,0.0655,0.0655,0.0655,0.0655,0.00000000,1778687999999,0.00000000,0,0.00000000,0.00000000,0
2026-05-13 16:00:00,0.0655,0.0655,0.0655,0.0655,0.00000000,1778702399999,0.00000000,0,0.00000000,0.00000000,0
2026-05-13 20:00:00,0.0655,0.0655,0.0655,0.0655,0.00000000,1778716799999,0.00000000,0,0.00000000,0.00000000,0
2026-05-14 00:00:00,0.0655,0.0655,0.0655,0.0655,0.00000000,1778731199999,0.00000000,0,0.00000000,0.00000000,0
2026-05-14 04:00:00,0.0655,0.0655,0.0655,0.0655,0.00000000,1778745599999,0.00000000,0,0.00000000,0.00000000,0
2026-05-14 08:00:00,0.0655,0.0655,0.0655,0.0655,0.00000000,1778759999999,0.00000000,0,0.00000000,0.00000000,0
2026-05-14 12:00:00,0.0655,0.0655,0.0655,0.0655,0.00000000,1778774399999,0.00000000,0,0.00000000,0.00000000,0
2026-05-14 16:00:00,0.0655,0.0655,0.0655,0.0655,0.00000000,1778788799999,0.00000000,0,0.00000000,0.00000000,0
2026-05-14 20:00:00,0.0655,0.0655,0.0655,0.0655,0.00000000,1778803199999,0.00000000,0,0.00000000,0.00000000,0
2026-05-15 00:00:00,0.0655,0.0655,0.0655,0.0655,0.00000000,1778817599999,0.00000000,0,0.00000000,0.00000000,0
2026-05-15 04:00:00,0.0655,0.0655,0.0655,0.0655,0.00000000,1778831999999,0.00000000,0,0.00000000,0.00000000,0
2026-05-15 08:00:00,0.0655,0.0655,0.0655,0.0655,0.00000000,1778846399999,0.00000000,0,0.00000000,0.00000000,0
2026-05-15 12:00:00,0.0655,0.0655,0.0655,0.0655,0.00000000,1778860799999,0.00000000,0,0.00000000,0.00000000,0
2026-05-15 16:00:00,0.0655,0.0655,0.0655,0.0655,0.00000000,1778875199999,0.00000000,0,0.00000000,0.00000000,0
2026-05-15 20:00:00,0.0655,0.0655,0.0655,0.0655,0.00000000,1778889599999,0.00000000,0,0.00000000,0.00000000,0
2026-05-16 00:00:00,0.0655,0.0655,0.0655,0.0655,0.00000000,1778903999999,0.00000000,0,0.00000000,0.00000000,0
2026-05-16 04:00:00,0.0655,0.0655,0.0655,0.0655,0.00000000,1778918399999,0.00000000,0,0.00000000,0.00000000,0
2026-05-16 08:00:00,0.0655,0.0655,0.0655,0.0655,0.00000000,1778932799999,0.00000000,0,0.00000000,0.00000000,0
2026-05-16 12:00:00,0.0655,0.0655,0.0655,0.0655,0.00000000,1778947199999,0.00000000,0,0.00000000,0.00000000,0
2026-05-16 16:00:00,0.0655,0.0655,0.0655,0.0655,0.00000000,1778961599999,0.00000000,0,0.00000000,0.00000000,0
2026-05-16 20:00:00,0.0655,0.0655,0.0655,0.0655,0.00000000,1778975999999,0.00000000,0,0.00000000,0.00000000,0
2026-05-17 00:00:00,0.0655,0.0655,0.0655,0.0655,0.00000000,1778990399999,0.00000000,0,0.00000000,0.00000000,0
2026-05-17 04:00:00,0.0655,0.0655,0.0655,0.0655,0.00000000,1779004799999,0.00000000,0,0.00000000,0.00000000,0
2026-05-17 08:00:00,0.0655,0.0655,0.0655,0.0655,0.00000000,1779019199999,0.00000000,0,0.00000000,0.00000000,0
2026-05-17 12:00:00,0.0655,0.0655,0.0655,0.0655,0.00000000,1779033599999,0.00000000,0,0.00000000,0.00000000,0
2026-05-17 16:00:00,0.0655,0.0655,0.0655,0.0655,0.00000000,1779047999999,0.00000000,0,0.00000000,0.00000000,0
2026-05-17 20:00:00,0.0655,0.0655,0.0655,0.0655,0.00000000,1779062399999,0.00000000,0,0.00000000,0.00000000,0
2026-05-18 00:00:00,0.0655,0.0655,0.0655,0.0655,0.00000000,1779076799999,0.00000000,0,0.00000000,0.00000000,0
2026-05-18 04:00:00,0.0655,0.0655,0.0655,0.0655,0.00000000,1779091199999,0.00000000,0,0.00000000,0.00000000,0
2026-05-18 08:00:00,0.0655,0.0655,0.0655,0.0655,0.00000000,1779105599999,0.00000000,0,0.00000000,0.00000000,0
2026-05-18 12:00:00,0.0655,0.0655,0.0655,0.0655,0.00000000,1779119999999,0.00000000,0,0.00000000,0.00000000,0
2026-05-18 16:00:00,0.0655,0.0655,0.0655,0.0655,0.00000000,1779134399999,0.00000000,0,0.00000000,0.00000000,0
2026-05-18 20:00:00,0.0655,0.0655,0.0655,0.0655,0.00000000,1779148799999,0.00000000,0,0.00000000,0.00000000,0
2026-05-19 00:00:00,0.0655,0.0655,0.0655,0.0655,0.00000000,1779163199999,0.00000000,0,0.00000000,0.00000000,0
2026-05-19 04:00:00,0.0655,0.0655,0.0655,0.0655,0.00000000,1779177599999,0.00000000,0,0.00000000,0.00000000,0
2026-05-19 08:00:00,0.0655,0.0655,0.0655,0.0655,0.00000000,1779191999999,0.00000000,0,0.00000000,0.00000000,0
2026-05-19 12:00:00,0.0655,0.0655,0.0655,0.0655,0.00000000,1779206399999,0.00000000,0,0.00000000,0.00000000,0
2026-05-19 16:00:00,0.0655,0.0655,0.0655,0.0655,0.00000000,1779220799999,0.00000000,0,0.00000000,0.00000000,0
2026-05-19 20:00:00,0.0655,0.0655,0.0655,0.0655,0.00000000,1779235199999,0.00000000,0,0.00000000,0.00000000,0
2026-05-20 00:00:00,0.0655,0.0655,0.0655,0.0655,0.00000000,1779249599999,0.00000000,0,0.00000000,0.00000000,0
2026-05-20 04:00:00,0.0655,0.0655,0.0655,0.0655,0.00000000,1779263999999,0.00000000,0,0.00000000,0.00000000,0
2026-05-20 08:00:00,0.0655,0.0655,0.0655,0.0655,0.00000000,1779278399999,0.00000000,0,0.00000000,0.00000000,0
2026-05-20 12:00:00,0.0655,0.0655,0.0655,0.0655,0.00000000,1779292799999,0.00000000,0,0.00000000,0.00000000,0
2026-05-20 16:00:00,0.0655,0.0655,0.0655,0.0655,0.00000000,1779307199999,0.00000000,0,0.00000000,0.00000000,0
2026-05-20 20:00:00,0.0655,0.0655,0.0655,0.0655,0.00000000,1779321599999,0.00000000,0,0.00000000,0.00000000,0
2026-05-21 00:00:00,0.0655,0.0655,0.0655,0.0655,0.00000000,1779335999999,0.00000000,0,0.00000000,0.00000000,0
2026-05-21 04:00:00,0.0655,0.0655,0.0655,0.0655,0.00000000,1779350399999,0.00000000,0,0.00000000,0.00000000,0
2026-05-21 08:00:00,0.0655,0.0655,0.0655,0.0655,0.00000000,1779364799999,0.00000000,0,0.00000000,0.00000000,0
2026-05-21 12:00:00,0.0655,0.0655,0.0655,0.0655,0.00000000,1779379199999,0.00000000,0,0.00000000,0.00000000,0
2026-05-21 16:00:00,0.0655,0.0655,0.0655,0.0655,0.00000000,1779393599999,0.00000000,0,0.00000000,0.00000000,0
2026-05-21 20:00:00,0.0655,0.0655,0.0655,0.0655,76.10000000,1779407999999,4.98455000,1,76.10000000,4.98455000,0
2026-05-22 00:00:00,0.0655,0.0655,0.0655,0.0655,0.00000000,1779422399999,0.00000000,0,0.00000000,0.00000000,0
2026-05-22 04:00:00,0.0655,0.0655,0.0655,0.0655,252.60000000,1779436799999,16.54530000,1,252.60000000,16.54530000,0
2026-05-22 08:00:00,0.0655,0.0655,0.0655,0.0655,0.00000000,1779451199999,0.00000000,0,0.00000000,0.00000000,0
2026-05-22 12:00:00,0.0655,0.0655,0.0655,0.0655,0.00000000,1779465599999,0.00000000,0,0.00000000,0.00000000,0
2026-05-22 16:00:00,0.0655,0.0655,0.0655,0.0655,0.00000000,1779479999999,0.00000000,0,0.00000000,0.00000000,0
2026-05-22 20:00:00,0.0655,0.0655,0.0655,0.0655,0.00000000,1779494399999,0.00000000,0,0.00000000,0.00000000,0
2026-05-23 00:00:00,0.0655,0.0655,0.0655,0.0655,0.00000000,1779508799999,0.00000000,0,0.00000000,0.00000000,0
2026-05-23 04:00:00,0.0655,0.0655,0.0655,0.0655,0.00000000,1779523199999,0.00000000,0,0.00000000,0.00000000,0
2026-05-23 08:00:00,0.0655,0.0655,0.0655,0.0655,0.00000000,1779537599999,0.00000000,0,0.00000000,0.00000000,0
2026-05-23 12:00:00,0.0655,0.0655,0.0655,0.0655,0.00000000,1779551999999,0.00000000,0,0.00000000,0.00000000,0
2026-05-23 16:00:00,0.0655,0.0655,0.0655,0.0655,0.00000000,1779566399999,0.00000000,0,0.00000000,0.00000000,0
2026-05-23 20:00:00,0.0655,0.0655,0.0655,0.0655,0.00000000,1779580799999,0.00000000,0,0.00000000,0.00000000,0
2026-05-24 00:00:00,0.0655,0.0655,0.0655,0.0655,0.00000000,1779595199999,0.00000000,0,0.00000000,0.00000000,0
2026-05-24 04:00:00,0.0655,0.0655,0.0655,0.0655,0.00000000,1779609599999,0.00000000,0,0.00000000,0.00000000,0
2026-05-24 08:00:00,0.0655,0.0655,0.0655,0.0655,0.00000000,1779623999999,0.00000000,0,0.00000000,0.00000000,0
2026-05-24 12:00:00,0.0655,0.0655,0.0655,0.0655,0.00000000,1779638399999,0.00000000,0,0.00000000,0.00000000,0
2026-05-24 16:00:00,0.058,0.058,0.058,0.058,69.20000000,1779652799999,4.01360000,1,0.00000000,0.00000000,0
2026-05-24 20:00:00,0.058,0.058,0.058,0.058,0.00000000,1779667199999,0.00000000,0,0.00000000,0.00000000,0
2026-05-25 00:00:00,0.058,0.058,0.058,0.058,0.00000000,1779681599999,0.00000000,0,0.00000000,0.00000000,0
2026-05-25 04:00:00,0.058,0.058,0.058,0.058,0.00000000,1779695999999,0.00000000,0,0.00000000,0.00000000,0
2026-05-25 08:00:00,0.058,0.058,0.058,0.058,0.00000000,1779710399999,0.00000000,0,0.00000000,0.00000000,0
2026-05-25 12:00:00,0.058,0.058,0.058,0.058,0.00000000,1779724799999,0.00000000,0,0.00000000,0.00000000,0
2026-05-25 16:00:00,0.058,0.058,0.058,0.058,0.00000000,1779739199999,0.00000000,0,0.00000000,0.00000000,0
2026-05-25 20:00:00,0.058,0.058,0.058,0.058,0.00000000,1779753599999,0.00000000,0,0.00000000,0.00000000,0
2026-05-26 00:00:00,0.058,0.058,0.058,0.058,0.00000000,1779767999999,0.00000000,0,0.00000000,0.00000000,0
2026-05-26 04:00:00,0.058,0.058,0.058,0.058,0.00000000,1779782399999,0.00000000,0,0.00000000,0.00000000,0
2026-05-26 08:00:00,0.058,0.058,0.058,0.058,0.00000000,1779796799999,0.00000000,0,0.00000000,0.00000000,0
2026-05-26 12:00:00,0.058,0.058,0.058,0.058,0.00000000,1779811199999,0.00000000,0,0.00000000,0.00000000,0
2026-05-26 16:00:00,0.058,0.058,0.058,0.058,0.00000000,1779825599999,0.00000000,0,0.00000000,0.00000000,0
2026-05-26 20:00:00,0.058,0.058,0.058,0.058,0.00000000,1779839999999,0.00000000,0,0.00000000,0.00000000,0
2026-05-27 00:00:00,0.058,0.058,0.058,0.058,0.00000000,1779854399999,0.00000000,0,0.00000000,0.00000000,0
2026-05-27 04:00:00,0.058,0.058,0.058,0.058,0.00000000,1779868799999,0.00000000,0,0.00000000,0.00000000,0
2026-05-27 08:00:00,0.058,0.058,0.058,0.058,0.00000000,1779883199999,0.00000000,0,0.00000000,0.00000000,0
2026-05-27 12:00:00,0.058,0.058,0.058,0.058,0.00000000,1779897599999,0.00000000,0,0.00000000,0.00000000,0
2026-05-27 16:00:00,0.058,0.058,0.058,0.058,0.00000000,1779911999999,0.00000000,0,0.00000000,0.00000000,0
2026-05-27 20:00:00,0.058,0.058,0.058,0.058,0.00000000,1779926399999,0.00000000,0,0.00000000,0.00000000,0
2026-05-28 00:00:00,0.058,0.058,0.058,0.058,0.00000000,1779940799999,0.00000000,0,0.00000000,0.00000000,0
2026-05-28 04:00:00,0.058,0.058,0.058,0.058,0.00000000,1779955199999,0.00000000,0,0.00000000,0.00000000,0
2026-05-28 08:00:00,0.058,0.058,0.058,0.058,0.00000000,1779969599999,0.00000000,0,0.00000000,0.00000000,0
2026-05-28 12:00:00,0.058,0.058,0.058,0.058,0.00000000,1779983999999,0.00000000,0,0.00000000,0.00000000,0
2026-05-28 16:00:00,0.0472,0.0472,0.0472,0.0472,31.10000000,1779998399999,1.46792000,1,31.10000000,1.46792000,0
2026-05-28 20:00:00,0.0472,0.0472,0.0472,0.0472,0.00000000,1780012799999,0.00000000,0,0.00000000,0.00000000,0
2026-05-29 00:00:00,0.0472,0.0472,0.0472,0.0472,0.00000000,1780027199999,0.00000000,0,0.00000000,0.00000000,0
2026-05-29 04:00:00,0.0472,0.0472,0.0472,0.0472,0.00000000,1780041599999,0.00000000,0,0.00000000,0.00000000,0
2026-05-29 08:00:00,0.0472,0.0472,0.0472,0.0472,0.00000000,1780055999999,0.00000000,0,0.00000000,0.00000000,0
2026-05-29 12:00:00,0.0472,0.0472,0.0472,0.0472,0.00000000,1780070399999,0.00000000,0,0.00000000,0.00000000,0
2026-05-29 16:00:00,0.0472,0.0472,0.0472,0.0472,0.00000000,1780084799999,0.00000000,0,0.00000000,0.00000000,0
2026-05-29 20:00:00,0.0472,0.0472,0.0472,0.0472,0.00000000,1780099199999,0.00000000,0,0.00000000,0.00000000,0
2026-05-30 00:00:00,0.0472,0.0472,0.0472,0.0472,0.00000000,1780113599999,0.00000000,0,0.00000000,0.00000000,0
2026-05-30 04:00:00,0.0472,0.0472,0.0472,0.0472,0.00000000,1780127999999,0.00000000,0,0.00000000,0.00000000,0
2026-05-30 08:00:00,0.0472,0.0472,0.0472,0.0472,0.00000000,1780142399999,0.00000000,0,0.00000000,0.00000000,0
2026-05-30 12:00:00,0.0472,0.0472,0.0472,0.0472,0.00000000,1780156799999,0.00000000,0,0.00000000,0.00000000,0
2026-05-30 16:00:00,0.0472,0.0472,0.0472,0.0472,0.00000000,1780171199999,0.00000000,0,0.00000000,0.00000000,0
2026-05-30 20:00:00,0.0472,0.0472,0.0472,0.0472,0.00000000,1780185599999,0.00000000,0,0.00000000,0.00000000,0
2026-05-31 00:00:00,0.0472,0.0472,0.0472,0.0472,0.00000000,1780199999999,0.00000000,0,0.00000000,0.00000000,0
2026-05-31 04:00:00,0.0472,0.0472,0.0472,0.0472,0.00000000,1780214399999,0.00000000,0,0.00000000,0.00000000,0
2026-05-31 08:00:00,0.0472,0.0472,0.0472,0.0472,0.00000000,1780228799999,0.00000000,0,0.00000000,0.00000000,0
2026-05-31 12:00:00,0.0472,0.0472,0.0472,0.0472,0.00000000,1780243199999,0.00000000,0,0.00000000,0.00000000,0
2026-05-31 16:00:00,0.0472,0.0472,0.0472,0.0472,0.00000000,1780257599999,0.00000000,0,0.00000000,0.00000000,0
2026-05-31 20:00:00,0.0472,0.0472,0.0472,0.0472,0.00000000,1780271999999,0.00000000,0,0.00000000,0.00000000,0
2026-06-01 00:00:00,0.0472,0.0472,0.0472,0.0472,0.00000000,1780286399999,0.00000000,0,0.00000000,0.00000000,0
2026-06-01 04:00:00,0.0472,0.0472,0.0472,0.0472,0.00000000,1780300799999,0.00000000,0,0.00000000,0.00000000,0
2026-06-01 08:00:00,0.0472,0.0472,0.0472,0.0472,0.00000000,1780315199999,0.00000000,0,0.00000000,0.00000000,0
2026-06-01 12:00:00,0.0472,0.0472,0.0472,0.0472,0.00000000,1780329599999,0.00000000,0,0.00000000,0.00000000,0
2026-06-01 16:00:00,0.0472,0.0472,0.0472,0.0472,0.00000000,1780343999999,0.00000000,0,0.00000000,0.00000000,0
2026-06-01 20:00:00,0.0444,0.0494,0.028,0.0461,4227.00000000,1780358399999,163.44989000,14,1053.40000000,51.80168000,0
2026-06-02 00:00:00,0.0461,0.0461,0.0461,0.0461,0.00000000,1780372799999,0.00000000,0,0.00000000,0.00000000,0
2026-06-02 04:00:00,0.0461,0.0461,0.0461,0.0461,460.30000000,1780387199999,21.21983000,1,460.30000000,21.21983000,0
2026-06-02 08:00:00,0.0461,0.0461,0.0461,0.0461,0.00000000,1780401599999,0.00000000,0,0.00000000,0.00000000,0
2026-06-02 12:00:00,0.0461,0.0461,0.0461,0.0461,0.00000000,1780415999999,0.00000000,0,0.00000000,0.00000000,0
2026-06-02 16:00:00,0.0461,0.0461,0.0461,0.0461,0.00000000,1780430399999,0.00000000,0,0.00000000,0.00000000,0
2026-06-02 20:00:00,0.0461,0.0461,0.0461,0.0461,0.00000000,1780444799999,0.00000000,0,0.00000000,0.00000000,0
2026-06-03 00:00:00,0.0461,0.0461,0.0461,0.0461,0.00000000,1780459199999,0.00000000,0,0.00000000,0.00000000,0
2026-06-03 04:00:00,0.0461,0.0461,0.0461,0.0461,0.00000000,1780473599999,0.00000000,0,0.00000000,0.00000000,0
2026-06-03 08:00:00,0.0461,0.0461,0.0461,0.0461,0.00000000,1780487999999,0.00000000,0,0.00000000,0.00000000,0
2026-06-03 12:00:00,0.0461,0.0461,0.0461,0.0461,0.00000000,1780502399999,0.00000000,0,0.00000000,0.00000000,0
2026-06-03 16:00:00,0.0461,0.0461,0.0461,0.0461,0.00000000,1780516799999,0.00000000,0,0.00000000,0.00000000,0
2026-06-03 20:00:00,0.0461,0.0461,0.0461,0.0461,0.00000000,1780531199999,0.00000000,0,0.00000000,0.00000000,0
2026-06-04 00:00:00,0.0461,0.0461,0.0461,0.0461,0.00000000,1780545599999,0.00000000,0,0.00000000,0.00000000,0
2026-06-04 04:00:00,0.0461,0.0461,0.0461,0.0461,0.00000000,1780559999999,0.00000000,0,0.00000000,0.00000000,0
2026-06-04 08:00:00,0.0461,0.0461,0.0461,0.0461,0.00000000,1780574399999,0.00000000,0,0.00000000,0.00000000,0
2026-06-04 12:00:00,0.0461,0.0461,0.0461,0.0461,0.00000000,1780588799999,0.00000000,0,0.00000000,0.00000000,0
2026-06-04 16:00:00,0.0461,0.0461,0.0461,0.0461,0.00000000,1780603199999,0.00000000,0,0.00000000,0.00000000,0
2026-06-04 20:00:00,0.0495,0.0495,0.0495,0.0495,100.70000000,1780617599999,4.98465000,1,100.70000000,4.98465000,0
2026-06-05 00:00:00,0.0495,0.0495,0.0495,0.0495,0.00000000,1780631999999,0.00000000,0,0.00000000,0.00000000,0
2026-06-05 04:00:00,0.0495,0.0495,0.0495,0.0495,0.00000000,1780646399999,0.00000000,0,0.00000000,0.00000000,0
2026-06-05 08:00:00,0.0495,0.0495,0.0495,0.0495,0.00000000,1780660799999,0.00000000,0,0.00000000,0.00000000,0
2026-06-05 12:00:00,0.0495,0.0495,0.0495,0.0495,0.00000000,1780675199999,0.00000000,0,0.00000000,0.00000000,0
2026-06-05 16:00:00,0.0495,0.0495,0.0495,0.0495,0.00000000,1780689599999,0.00000000,0,0.00000000,0.00000000,0
2026-06-05 20:00:00,0.0495,0.0495,0.0495,0.0495,0.00000000,1780703999999,0.00000000,0,0.00000000,0.00000000,0
2026-06-06 00:00:00,0.0495,0.0495,0.0495,0.0495,0.00000000,1780718399999,0.00000000,0,0.00000000,0.00000000,0
2026-06-06 04:00:00,0.0495,0.0495,0.0495,0.0495,0.00000000,1780732799999,0.00000000,0,0.00000000,0.00000000,0
2026-06-06 08:00:00,0.0495,0.0495,0.0495,0.0495,0.00000000,1780747199999,0.00000000,0,0.00000000,0.00000000,0
2026-06-06 12:00:00,0.0495,0.0495,0.0495,0.0495,0.00000000,1780761599999,0.00000000,0,0.00000000,0.00000000,0
2026-06-06 16:00:00,0.0495,0.0495,0.0495,0.0495,0.00000000,1780775999999,0.00000000,0,0.00000000,0.00000000,0
2026-06-06 20:00:00,0.0495,0.0495,0.0495,0.0495,0.00000000,1780790399999,0.00000000,0,0.00000000,0.00000000,0
2026-06-07 00:00:00,0.0495,0.0495,0.0495,0.0495,0.00000000,1780804799999,0.00000000,0,0.00000000,0.00000000,0
2026-06-07 04:00:00,0.0495,0.0495,0.0495,0.0495,0.00000000,1780819199999,0.00000000,0,0.00000000,0.00000000,0
2026-06-07 08:00:00,0.0495,0.0495,0.0495,0.0495,0.00000000,1780833599999,0.00000000,0,0.00000000,0.00000000,0
2026-06-07 12:00:00,0.0495,0.0495,0.0495,0.0495,0.00000000,1780847999999,0.00000000,0,0.00000000,0.00000000,0
2026-06-07 16:00:00,0.0495,0.0495,0.0495,0.0495,0.00000000,1780862399999,0.00000000,0,0.00000000,0.00000000,0
2026-06-07 20:00:00,0.0495,0.0495,0.0495,0.0495,0.00000000,1780876799999,0.00000000,0,0.00000000,0.00000000,0
2026-06-08 00:00:00,0.0495,0.0495,0.0495,0.0495,0.00000000,1780891199999,0.00000000,0,0.00000000,0.00000000,0
2026-06-08 04:00:00,0.0495,0.0495,0.0495,0.0495,0.00000000,1780905599999,0.00000000,0,0.00000000,0.00000000,0
2026-06-08 08:00:00,0.0495,0.0495,0.0495,0.0495,0.00000000,1780919999999,0.00000000,0,0.00000000,0.00000000,0
2026-06-08 12:00:00,0.0495,0.0495,0.0495,0.0495,0.00000000,1780934399999,0.00000000,0,0.00000000,0.00000000,0
2026-06-08 16:00:00,0.0495,0.0495,0.0495,0.0495,0.00000000,1780948799999,0.00000000,0,0.00000000,0.00000000,0
2026-06-08 20:00:00,0.0495,0.0495,0.0495,0.0495,0.00000000,1780963199999,0.00000000,0,0.00000000,0.00000000,0
2026-06-09 00:00:00,0.0495,0.0495,0.0495,0.0495,0.00000000,1780977599999,0.00000000,0,0.00000000,0.00000000,0
2026-06-09 04:00:00,0.0495,0.0495,0.0495,0.0495,0.00000000,1780991999999,0.00000000,0,0.00000000,0.00000000,0
2026-06-09 08:00:00,0.0495,0.0495,0.0495,0.0495,0.00000000,1781006399999,0.00000000,0,0.00000000,0.00000000,0
2026-06-09 12:00:00,0.0495,0.0495,0.0495,0.0495,0.00000000,1781020799999,0.00000000,0,0.00000000,0.00000000,0
2026-06-09 16:00:00,0.0495,0.0495,0.0495,0.0495,0.00000000,1781035199999,0.00000000,0,0.00000000,0.00000000,0
2026-06-09 20:00:00,0.0495,0.0495,0.0495,0.0495,0.00000000,1781049599999,0.00000000,0,0.00000000,0.00000000,0
2026-06-10 00:00:00,0.0495,0.0495,0.0495,0.0495,0.00000000,1781063999999,0.00000000,0,0.00000000,0.00000000,0
2026-06-10 04:00:00,0.0495,0.0495,0.0495,0.0495,0.00000000,1781078399999,0.00000000,0,0.00000000,0.00000000,0
2026-06-10 08:00:00,0.0495,0.0495,0.0495,0.0495,0.00000000,1781092799999,0.00000000,0,0.00000000,0.00000000,0
2026-06-10 12:00:00,0.0495,0.0495,0.0495,0.0495,0.00000000,1781107199999,0.00000000,0,0.00000000,0.00000000,0
2026-06-10 16:00:00,0.0495,0.0495,0.0495,0.0495,0.00000000,1781121599999,0.00000000,0,0.00000000,0.00000000,0
2026-06-10 20:00:00,0.0495,0.0495,0.0495,0.0495,0.00000000,1781135999999,0.00000000,0,0.00000000,0.00000000,0
2026-06-11 00:00:00,0.0495,0.0495,0.0495,0.0495,0.00000000,1781150399999,0.00000000,0,0.00000000,0.00000000,0
2026-06-11 04:00:00,0.0495,0.0495,0.0495,0.0495,0.00000000,1781164799999,0.00000000,0,0.00000000,0.00000000,0
2026-06-11 08:00:00,0.0495,0.0495,0.0495,0.0495,0.00000000,1781179199999,0.00000000,0,0.00000000,0.00000000,0
2026-06-11 12:00:00,0.0495,0.0495,0.0495,0.0495,0.00000000,1781193599999,0.00000000,0,0.00000000,0.00000000,0
2026-06-11 16:00:00,0.0495,0.0495,0.0495,0.0495,0.00000000,1781207999999,0.00000000,0,0.00000000,0.00000000,0
2026-06-11 20:00:00,0.0495,0.0495,0.0495,0.0495,0.00000000,1781222399999,0.00000000,0,0.00000000,0.00000000,0
2026-06-12 00:00:00,0.0495,0.0495,0.0495,0.0495,0.00000000,1781236799999,0.00000000,0,0.00000000,0.00000000,0
2026-06-12 04:00:00,0.0495,0.0495,0.0495,0.0495,0.00000000,1781251199999,0.00000000,0,0.00000000,0.00000000,0
2026-06-12 08:00:00,0.0495,0.0495,0.0495,0.0495,0.00000000,1781265599999,0.00000000,0,0.00000000,0.00000000,0
2026-06-12 12:00:00,0.0495,0.0495,0.0495,0.0495,0.00000000,1781279999999,0.00000000,0,0.00000000,0.00000000,0
2026-06-12 16:00:00,0.0495,0.0495,0.0495,0.0495,0.00000000,1781294399999,0.00000000,0,0.00000000,0.00000000,0
2026-06-12 20:00:00,0.0495,0.0495,0.0495,0.0495,0.00000000,1781308799999,0.00000000,0,0.00000000,0.00000000,0
2026-06-13 00:00:00,0.0495,0.0495,0.0495,0.0495,0.00000000,1781323199999,0.00000000,0,0.00000000,0.00000000,0
2026-06-13 04:00:00,0.0495,0.0495,0.0495,0.0495,0.00000000,1781337599999,0.00000000,0,0.00000000,0.00000000,0
2026-06-13 08:00:00,0.0495,0.0495,0.0495,0.0495,0.00000000,1781351999999,0.00000000,0,0.00000000,0.00000000,0
2026-06-13 12:00:00,0.0495,0.0495,0.0495,0.0495,0.00000000,1781366399999,0.00000000,0,0.00000000,0.00000000,0
2026-06-13 16:00:00,0.0495,0.0495,0.0495,0.0495,0.00000000,1781380799999,0.00000000,0,0.00000000,0.00000000,0
2026-06-13 20:00:00,0.0495,0.0495,0.0495,0.0495,0.00000000,1781395199999,0.00000000,0,0.00000000,0.00000000,0
2026-06-14 00:00:00,0.0495,0.0495,0.0495,0.0495,0.00000000,1781409599999,0.00000000,0,0.00000000,0.00000000,0
2026-06-14 04:00:00,0.0495,0.0495,0.0495,0.0495,0.00000000,1781423999999,0.00000000,0,0.00000000,0.00000000,0
2026-06-14 08:00:00,0.0495,0.0495,0.0495,0.0495,0.00000000,1781438399999,0.00000000,0,0.00000000,0.00000000,0
2026-06-14 12:00:00,0.0495,0.0495,0.0495,0.0495,0.00000000,1781452799999,0.00000000,0,0.00000000,0.00000000,0
2026-06-14 16:00:00,0.0495,0.0495,0.0495,0.0495,0.00000000,1781467199999,0.00000000,0,0.00000000,0.00000000,0
2026-06-14 20:00:00,0.0495,0.0495,0.0495,0.0495,0.00000000,1781481599999,0.00000000,0,0.00000000,0.00000000,0
2026-06-15 00:00:00,0.0495,0.0495,0.0495,0.0495,0.00000000,1781495999999,0.00000000,0,0.00000000,0.00000000,0
2026-06-15 04:00:00,0.0495,0.0495,0.0495,0.0495,0.00000000,1781510399999,0.00000000,0,0.00000000,0.00000000,0
2026-06-15 08:00:00,0.0495,0.0495,0.0495,0.0495,0.00000000,1781524799999,0.00000000,0,0.00000000,0.00000000,0
2026-06-15 12:00:00,0.0495,0.0495,0.0495,0.0495,0.00000000,1781539199999,0.00000000,0,0.00000000,0.00000000,0
2026-06-15 16:00:00,0.0495,0.0495,0.0495,0.0495,0.00000000,1781553599999,0.00000000,0,0.00000000,0.00000000,0
2026-06-15 20:00:00,0.0495,0.0495,0.0495,0.0495,0.00000000,1781567999999,0.00000000,0,0.00000000,0.00000000,0
2026-06-16 00:00:00,0.0495,0.0495,0.0495,0.0495,0.00000000,1781582399999,0.00000000,0,0.00000000,0.00000000,0
2026-06-16 04:00:00,0.0495,0.0495,0.0495,0.0495,0.00000000,1781596799999,0.00000000,0,0.00000000,0.00000000,0
2026-06-16 08:00:00,0.0495,0.0495,0.0495,0.0495,0.00000000,1781611199999,0.00000000,0,0.00000000,0.00000000,0
2026-06-16 12:00:00,0.0495,0.0495,0.0495,0.0495,0.00000000,1781625599999,0.00000000,0,0.00000000,0.00000000,0
2026-06-16 16:00:00,0.0495,0.0495,0.0495,0.0495,0.00000000,1781639999999,0.00000000,0,0.00000000,0.00000000,0
2026-06-16 20:00:00,0.0495,0.0495,0.0495,0.0495,0.00000000,1781654399999,0.00000000,0,0.00000000,0.00000000,0
2026-06-17 00:00:00,0.0495,0.0495,0.0495,0.0495,0.00000000,1781668799999,0.00000000,0,0.00000000,0.00000000,0
2026-06-17 04:00:00,0.0495,0.0495,0.0495,0.0495,0.00000000,1781683199999,0.00000000,0,0.00000000,0.00000000,0
2026-06-17 08:00:00,0.0495,0.0495,0.0495,0.0495,0.00000000,1781697599999,0.00000000,0,0.00000000,0.00000000,0
2026-06-17 12:00:00,0.0495,0.0495,0.0495,0.0495,0.00000000,1781711999999,0.00000000,0,0.00000000,0.00000000,0
2026-06-17 16:00:00,0.0495,0.0495,0.0495,0.0495,0.00000000,1781726399999,0.00000000,0,0.00000000,0.00000000,0
2026-06-17 20:00:00,0.0495,0.0495,0.0495,0.0495,0.00000000,1781740799999,0.00000000,0,0.00000000,0.00000000,0
2026-06-18 00:00:00,0.0495,0.0495,0.0495,0.0495,0.00000000,1781755199999,0.00000000,0,0.00000000,0.00000000,0
2026-06-18 04:00:00,0.0495,0.0495,0.0495,0.0495,0.00000000,1781769599999,0.00000000,0,0.00000000,0.00000000,0
2026-06-18 08:00:00,0.0495,0.0495,0.0495,0.0495,0.00000000,1781783999999,0.00000000,0,0.00000000,0.00000000,0
2026-06-18 12:00:00,0.0495,0.0495,0.0495,0.0495,0.00000000,1781798399999,0.00000000,0,0.00000000,0.00000000,0
2026-06-18 16:00:00,0.0495,0.0495,0.0495,0.0495,0.00000000,1781812799999,0.00000000,0,0.00000000,0.00000000,0
2026-06-18 20:00:00,0.0495,0.0495,0.0495,0.0495,0.00000000,1781827199999,0.00000000,0,0.00000000,0.00000000,0
2026-06-19 00:00:00,0.0495,0.0495,0.0495,0.0495,0.00000000,1781841599999,0.00000000,0,0.00000000,0.00000000,0
2026-06-19 04:00:00,0.0495,0.0495,0.0495,0.0495,0.00000000,1781855999999,0.00000000,0,0.00000000,0.00000000,0
2026-06-19 08:00:00,0.0495,0.0495,0.0495,0.0495,0.00000000,1781870399999,0.00000000,0,0.00000000,0.00000000,0
2026-06-19 12:00:00,0.0495,0.0495,0.0495,0.0495,0.00000000,1781884799999,0.00000000,0,0.00000000,0.00000000,0
2026-06-19 16:00:00,0.0495,0.0495,0.0495,0.0495,0.00000000,1781899199999,0.00000000,0,0.00000000,0.00000000,0
2026-06-19 20:00:00,0.0495,0.0495,0.0495,0.0495,0.00000000,1781913599999,0.00000000,0,0.00000000,0.00000000,0
2026-06-20 00:00:00,0.0495,0.0495,0.0495,0.0495,0.00000000,1781927999999,0.00000000,0,0.00000000,0.00000000,0
2026-06-20 04:00:00,0.0495,0.0495,0.0495,0.0495,0.00000000,1781942399999,0.00000000,0,0.00000000,0.00000000,0
2026-06-20 08:00:00,0.0495,0.0495,0.0495,0.0495,0.00000000,1781956799999,0.00000000,0,0.00000000,0.00000000,0
2026-06-20 12:00:00,0.0495,0.0495,0.0495,0.0495,0.00000000,1781971199999,0.00000000,0,0.00000000,0.00000000,0
2026-06-20 16:00:00,0.0495,0.0495,0.0495,0.0495,0.00000000,1781985599999,0.00000000,0,0.00000000,0.00000000,0
2026-06-20 20:00:00,0.0495,0.0495,0.0495,0.0495,0.00000000,1781999999999,0.00000000,0,0.00000000,0.00000000,0
2026-06-21 00:00:00,0.0495,0.0495,0.0495,0.0495,0.00000000,1782014399999,0.00000000,0,0.00000000,0.00000000,0
2026-06-21 04:00:00,0.0495,0.0495,0.0495,0.0495,0.00000000,1782028799999,0.00000000,0,0.00000000,0.00000000,0
2026-06-21 08:00:00,0.0495,0.0495,0.0495,0.0495,0.00000000,1782043199999,0.00000000,0,0.00000000,0.00000000,0
2026-06-21 12:00:00,0.0495,0.0495,0.0495,0.0495,0.00000000,1782057599999,0.00000000,0,0.00000000,0.00000000,0
2026-06-21 16:00:00,0.0495,0.0495,0.0495,0.0495,0.00000000,1782071999999,0.00000000,0,0.00000000,0.00000000,0
2026-06-21 20:00:00,0.0495,0.0495,0.0495,0.0495,0.00000000,1782086399999,0.00000000,0,0.00000000,0.00000000,0
2026-06-22 00:00:00,0.0495,0.0495,0.0495,0.0495,0.00000000,1782100799999,0.00000000,0,0.00000000,0.00000000,0
2026-06-22 04:00:00,0.0495,0.0495,0.0495,0.0495,0.00000000,1782115199999,0.00000000,0,0.00000000,0.00000000,0
2026-06-22 08:00:00,0.0495,0.0495,0.0495,0.0495,0.00000000,1782129599999,0.00000000,0,0.00000000,0.00000000,0
2026-06-22 12:00:00,0.0495,0.0495,0.0495,0.0495,0.00000000,1782143999999,0.00000000,0,0.00000000,0.00000000,0
2026-06-22 16:00:00,0.0495,0.0495,0.0495,0.0495,0.00000000,1782158399999,0.00000000,0,0.00000000,0.00000000,0
2026-06-22 20:00:00,0.0495,0.0495,0.0495,0.0495,0.00000000,1782172799999,0.00000000,0,0.00000000,0.00000000,0
2026-06-23 00:00:00,0.0495,0.0495,0.0495,0.0495,0.00000000,1782187199999,0.00000000,0,0.00000000,0.00000000,0
2026-06-23 04:00:00,0.0495,0.0495,0.0495,0.0495,0.00000000,1782201599999,0.00000000,0,0.00000000,0.00000000,0
2026-06-23 08:00:00,0.0495,0.0495,0.0495,0.0495,0.00000000,1782215999999,0.00000000,0,0.00000000,0.00000000,0
2026-06-23 12:00:00,0.0495,0.0495,0.0495,0.0495,0.00000000,1782230399999,0.00000000,0,0.00000000,0.00000000,0
2026-06-23 16:00:00,0.0495,0.0495,0.0495,0.0495,0.00000000,1782244799999,0.00000000,0,0.00000000,0.00000000,0
2026-06-23 20:00:00,0.0493,0.0493,0.0493,0.0493,201.80000000,1782259199999,9.94874000,1,201.80000000,9.94874000,0
2026-06-24 00:00:00,0.0493,0.0493,0.0493,0.0493,0.00000000,1782273599999,0.00000000,0,0.00000000,0.00000000,0
2026-06-24 04:00:00,0.0493,0.0493,0.0493,0.0493,0.00000000,1782287999999,0.00000000,0,0.00000000,0.00000000,0
2026-06-24 08:00:00,0.0493,0.0493,0.0493,0.0493,0.00000000,1782302399999,0.00000000,0,0.00000000,0.00000000,0
2026-06-24 12:00:00,0.0493,0.0493,0.0493,0.0493,0.00000000,1782316799999,0.00000000,0,0.00000000,0.00000000,0
2026-06-24 16:00:00,0.0493,0.0493,0.0493,0.0493,0.00000000,1782331199999,0.00000000,0,0.00000000,0.00000000,0
2026-06-24 20:00:00,0.0493,0.0493,0.0493,0.0493,0.00000000,1782345599999,0.00000000,0,0.00000000,0.00000000,0
2026-06-25 00:00:00,0.0493,0.0493,0.0493,0.0493,0.00000000,1782359999999,0.00000000,0,0.00000000,0.00000000,0
2026-06-25 04:00:00,0.0493,0.0493,0.0493,0.0493,0.00000000,1782374399999,0.00000000,0,0.00000000,0.00000000,0
2026-06-25 08:00:00,0.0493,0.0493,0.0493,0.0493,0.00000000,1782388799999,0.00000000,0,0.00000000,0.00000000,0
2026-06-25 12:00:00,0.0493,0.0493,0.0493,0.0493,0.00000000,1782403199999,0.00000000,0,0.00000000,0.00000000,0
2026-06-25 16:00:00,0.0493,0.0493,0.0493,0.0493,0.00000000,1782417599999,0.00000000,0,0.00000000,0.00000000,0
2026-06-25 20:00:00,0.0493,0.0493,0.0493,0.0493,0.00000000,1782431999999,0.00000000,0,0.00000000,0.00000000,0
2026-06-26 00:00:00,0.0493,0.0493,0.0493,0.0493,0.00000000,1782446399999,0.00000000,0,0.00000000,0.00000000,0
2026-06-26 04:00:00,0.0493,0.0493,0.0493,0.0493,0.00000000,1782460799999,0.00000000,0,0.00000000,0.00000000,0
2026-06-26 08:00:00,0.0493,0.0493,0.0493,0.0493,0.00000000,1782475199999,0.00000000,0,0.00000000,0.00000000,0
2026-06-26 12:00:00,0.0493,0.0493,0.0493,0.0493,0.00000000,1782489599999,0.00000000,0,0.00000000,0.00000000,0
2026-06-26 16:00:00,0.0493,0.0493,0.0493,0.0493,0.00000000,1782503999999,0.00000000,0,0.00000000,0.00000000,0
2026-06-26 20:00:00,0.0493,0.0493,0.0493,0.0493,0.00000000,1782518399999,0.00000000,0,0.00000000,0.00000000,0
2026-06-27 00:00:00,0.0493,0.0493,0.0493,0.0493,0.00000000,1782532799999,0.00000000,0,0.00000000,0.00000000,0
2026-06-27 04:00:00,0.0493,0.0493,0.0493,0.0493,0.00000000,1782547199999,0.00000000,0,0.00000000,0.00000000,0
2026-06-27 08:00:00,0.0493,0.0493,0.0493,0.0493,0.00000000,1782561599999,0.00000000,0,0.00000000,0.00000000,0
2026-06-27 12:00:00,0.0493,0.0493,0.0493,0.0493,0.00000000,1782575999999,0.00000000,0,0.00000000,0.00000000,0
2026-06-27 16:00:00,0.0493,0.0493,0.0493,0.0493,0.00000000,1782590399999,0.00000000,0,0.00000000,0.00000000,0
2026-06-27 20:00:00,0.0493,0.0493,0.0493,0.0493,0.00000000,1782604799999,0.00000000,0,0.00000000,0.00000000,0
2026-06-28 00:00:00,0.0493,0.0493,0.0493,0.0493,0.00000000,1782619199999,0.00000000,0,0.00000000,0.00000000,0
2026-06-28 04:00:00,0.0493,0.0493,0.0493,0.0493,0.00000000,1782633599999,0.00000000,0,0.00000000,0.00000000,0
2026-06-28 08:00:00,0.0493,0.0493,0.0493,0.0493,0.00000000,1782647999999,0.00000000,0,0.00000000,0.00000000,0
2026-06-28 12:00:00,0.0493,0.0493,0.0493,0.0493,0.00000000,1782662399999,0.00000000,0,0.00000000,0.00000000,0
2026-06-28 16:00:00,0.0493,0.0493,0.0493,0.0493,0.00000000,1782676799999,0.00000000,0,0.00000000,0.00000000,0
2026-06-28 20:00:00,0.0493,0.0493,0.0493,0.0493,0.00000000,1782691199999,0.00000000,0,0.00000000,0.00000000,0
2026-06-29 00:00:00,0.0493,0.0493,0.0493,0.0493,0.00000000,1782705599999,0.00000000,0,0.00000000,0.00000000,0
2026-06-29 04:00:00,0.0493,0.0493,0.0493,0.0493,0.00000000,1782719999999,0.00000000,0,0.00000000,0.00000000,0
2026-06-29 08:00:00,0.0493,0.0493,0.0493,0.0493,0.00000000,1782734399999,0.00000000,0,0.00000000,0.00000000,0
2026-06-29 12:00:00,0.0493,0.0493,0.0493,0.0493,0.00000000,1782748799999,0.00000000,0,0.00000000,0.00000000,0
2026-06-29 16:00:00,0.0493,0.0493,0.0493,0.0493,0.00000000,1782763199999,0.00000000,0,0.00000000,0.00000000,0
2026-06-29 20:00:00,0.0493,0.0493,0.0493,0.0493,0.00000000,1782777599999,0.00000000,0,0.00000000,0.00000000,0
2026-06-30 00:00:00,0.0493,0.0493,0.0493,0.0493,0.00000000,1782791999999,0.00000000,0,0.00000000,0.00000000,0
2026-06-30 04:00:00,0.0493,0.0493,0.0493,0.0493,0.00000000,1782806399999,0.00000000,0,0.00000000,0.00000000,0
2026-06-30 08:00:00,0.0493,0.0493,0.0493,0.0493,0.00000000,1782820799999,0.00000000,0,0.00000000,0.00000000,0
2026-06-30 12:00:00,0.0493,0.0493,0.0493,0.0493,0.00000000,1782835199999,0.00000000,0,0.00000000,0.00000000,0
2026-06-30 16:00:00,0.0493,0.0493,0.0493,0.0493,0.00000000,1782849599999,0.00000000,0,0.00000000,0.00000000,0
2026-06-30 20:00:00,0.0493,0.0493,0.0493,0.0493,0.00000000,1782863999999,0.00000000,0,0.00000000,0.00000000,0
2026-07-01 00:00:00,0.0493,0.0493,0.0493,0.0493,0.00000000,1782878399999,0.00000000,0,0.00000000,0.00000000,0
2026-07-01 04:00:00,0.0493,0.0493,0.0493,0.0493,0.00000000,1782892799999,0.00000000,0,0.00000000,0.00000000,0
2026-07-01 08:00:00,0.0493,0.0493,0.0493,0.0493,0.00000000,1782907199999,0.00000000,0,0.00000000,0.00000000,0
2026-07-01 12:00:00,0.0493,0.0493,0.0493,0.0493,0.00000000,1782921599999,0.00000000,0,0.00000000,0.00000000,0
2026-07-01 16:00:00,0.0493,0.0493,0.0493,0.0493,0.00000000,1782935999999,0.00000000,0,0.00000000,0.00000000,0
2026-07-01 20:00:00,0.0493,0.0493,0.0493,0.0493,0.00000000,1782950399999,0.00000000,0,0.00000000,0.00000000,0
2026-07-02 00:00:00,0.0493,0.0493,0.0493,0.0493,0.00000000,1782964799999,0.00000000,0,0.00000000,0.00000000,0
2026-07-02 04:00:00,0.0493,0.0493,0.0493,0.0493,0.00000000,1782979199999,0.00000000,0,0.00000000,0.00000000,0
2026-07-02 08:00:00,0.0493,0.0493,0.0493,0.0493,0.00000000,1782993599999,0.00000000,0,0.00000000,0.00000000,0
2026-07-02 12:00:00,0.0493,0.0493,0.0493,0.0493,0.00000000,1783007999999,0.00000000,0,0.00000000,0.00000000,0
2026-07-02 16:00:00,0.0493,0.0493,0.0493,0.0493,0.00000000,1783022399999,0.00000000,0,0.00000000,0.00000000,0
2026-07-02 20:00:00,0.0493,0.0493,0.0493,0.0493,0.00000000,1783036799999,0.00000000,0,0.00000000,0.00000000,0
2026-07-03 00:00:00,0.0493,0.0493,0.0493,0.0493,0.00000000,1783051199999,0.00000000,0,0.00000000,0.00000000,0
2026-07-03 04:00:00,0.0493,0.0493,0.0493,0.0493,0.00000000,1783065599999,0.00000000,0,0.00000000,0.00000000,0
2026-07-03 08:00:00,0.0493,0.0493,0.0493,0.0493,0.00000000,1783079999999,0.00000000,0,0.00000000,0.00000000,0
2026-07-03 12:00:00,0.0493,0.0493,0.0493,0.0493,0.00000000,1783094399999,0.00000000,0,0.00000000,0.00000000,0
2026-07-03 16:00:00,0.0493,0.0493,0.0493,0.0493,0.00000000,1783108799999,0.00000000,0,0.00000000,0.00000000,0
2026-07-03 20:00:00,0.0493,0.0493,0.0493,0.0493,0.00000000,1783123199999,0.00000000,0,0.00000000,0.00000000,0
2026-07-04 00:00:00,0.0493,0.0493,0.0493,0.0493,0.00000000,1783137599999,0.00000000,0,0.00000000,0.00000000,0
2026-07-04 04:00:00,0.0493,0.0493,0.0493,0.0493,0.00000000,1783151999999,0.00000000,0,0.00000000,0.00000000,0
2026-07-04 08:00:00,0.0493,0.0493,0.0493,0.0493,0.00000000,1783166399999,0.00000000,0,0.00000000,0.00000000,0
2026-07-04 12:00:00,0.0493,0.0493,0.0493,0.0493,0.00000000,1783180799999,0.00000000,0,0.00000000,0.00000000,0
2026-07-04 16:00:00,0.0493,0.0493,0.0493,0.0493,0.00000000,1783195199999,0.00000000,0,0.00000000,0.00000000,0
2026-07-04 20:00:00,0.0493,0.0493,0.0493,0.0493,0.00000000,1783209599999,0.00000000,0,0.00000000,0.00000000,0
2026-07-05 00:00:00,0.0493,0.0493,0.0493,0.0493,0.00000000,1783223999999,0.00000000,0,0.00000000,0.00000000,0
2026-07-05 04:00:00,0.0493,0.0493,0.0493,0.0493,0.00000000,1783238399999,0.00000000,0,0.00000000,0.00000000,0
2026-07-05 08:00:00,0.0493,0.0493,0.0493,0.0493,0.00000000,1783252799999,0.00000000,0,0.00000000,0.00000000,0
2026-07-05 12:00:00,0.0493,0.0493,0.0493,0.0493,0.00000000,1783267199999,0.00000000,0,0.00000000,0.00000000,0
2026-07-05 16:00:00,0.0493,0.0493,0.0493,0.0493,0.00000000,1783281599999,0.00000000,0,0.00000000,0.00000000,0
2026-07-05 20:00:00,0.0493,0.0493,0.0493,0.0493,0.00000000,1783295999999,0.00000000,0,0.00000000,0.00000000,0
2026-07-06 00:00:00,0.0493,0.0493,0.0493,0.0493,0.00000000,1783310399999,0.00000000,0,0.00000000,0.00000000,0
2026-07-06 04:00:00,0.0493,0.0493,0.0493,0.0493,0.00000000,1783324799999,0.00000000,0,0.00000000,0.00000000,0
2026-07-06 08:00:00,0.0493,0.0493,0.0493,0.0493,0.00000000,1783339199999,0.00000000,0,0.00000000,0.00000000,0
2026-07-06 12:00:00,0.0493,0.0493,0.0493,0.0493,0.00000000,1783353599999,0.00000000,0,0.00000000,0.00000000,0
2026-07-06 16:00:00,0.0493,0.0493,0.0493,0.0493,0.00000000,1783367999999,0.00000000,0,0.00000000,0.00000000,0
2026-07-06 20:00:00,0.0493,0.0493,0.0493,0.0493,0.00000000,1783382399999,0.00000000,0,0.00000000,0.00000000,0
2026-07-07 00:00:00,0.0493,0.0493,0.0493,0.0493,0.00000000,1783396799999,0.00000000,0,0.00000000,0.00000000,0
2026-07-07 04:00:00,0.0493,0.0493,0.0493,0.0493,0.00000000,1783411199999,0.00000000,0,0.00000000,0.00000000,0
2026-07-07 08:00:00,0.0493,0.0493,0.0493,0.0493,0.00000000,1783425599999,0.00000000,0,0.00000000,0.00000000,0
2026-07-07 12:00:00,0.0493,0.0493,0.0493,0.0493,0.00000000,1783439999999,0.00000000,0,0.00000000,0.00000000,0
2026-07-07 16:00:00,0.0493,0.0493,0.0493,0.0493,0.00000000,1783454399999,0.00000000,0,0.00000000,0.00000000,0
2026-07-07 20:00:00,0.0493,0.0493,0.0493,0.0493,0.00000000,1783468799999,0.00000000,0,0.00000000,0.00000000,0
2026-07-08 00:00:00,0.0493,0.0493,0.0493,0.0493,0.00000000,1783483199999,0.00000000,0,0.00000000,0.00000000,0
2026-07-08 04:00:00,0.0493,0.0493,0.0493,0.0493,0.00000000,1783497599999,0.00000000,0,0.00000000,0.00000000,0
2026-07-08 08:00:00,0.0493,0.0493,0.0493,0.0493,0.00000000,1783511999999,0.00000000,0,0.00000000,0.00000000,0
2026-07-08 12:00:00,0.0493,0.0493,0.0493,0.0493,0.00000000,1783526399999,0.00000000,0,0.00000000,0.00000000,0
2026-07-08 16:00:00,0.0493,0.0493,0.0493,0.0493,0.00000000,1783540799999,0.00000000,0,0.00000000,0.00000000,0
2026-07-08 20:00:00,0.0493,0.0493,0.0493,0.0493,0.00000000,1783555199999,0.00000000,0,0.00000000,0.00000000,0
2026-07-09 00:00:00,0.0415,0.0415,0.0415,0.0415,240.90000000,1783569599999,9.99735000,1,0.00000000,0.00000000,0
2026-07-09 04:00:00,0.0415,0.0415,0.0415,0.0415,0.00000000,1783583999999,0.00000000,0,0.00000000,0.00000000,0
2026-07-09 08:00:00,0.0415,0.0415,0.0415,0.0415,0.00000000,1783598399999,0.00000000,0,0.00000000,0.00000000,0
2026-07-09 12:00:00,0.0415,0.0415,0.0415,0.0415,0.00000000,1783612799999,0.00000000,0,0.00000000,0.00000000,0
2026-07-09 16:00:00,0.0415,0.0415,0.0415,0.0415,0.00000000,1783627199999,0.00000000,0,0.00000000,0.00000000,0
2026-07-09 20:00:00,0.0415,0.0415,0.0415,0.0415,0.00000000,1783641599999,0.00000000,0,0.00000000,0.00000000,0
2026-07-10 00:00:00,0.0415,0.0415,0.0415,0.0415,0.00000000,1783655999999,0.00000000,0,0.00000000,0.00000000,0
2026-07-10 04:00:00,0.0415,0.0415,0.0415,0.0415,0.00000000,1783670399999,0.00000000,0,0.00000000,0.00000000,0
2026-07-10 08:00:00,0.0415,0.0415,0.0415,0.0415,0.00000000,1783684799999,0.00000000,0,0.00000000,0.00000000,0
2026-07-10 12:00:00,0.0415,0.0415,0.0415,0.0415,0.00000000,1783699199999,0.00000000,0,0.00000000,0.00000000,0
2026-07-10 16:00:00,0.0415,0.0415,0.0415,0.0415,0.00000000,1783713599999,0.00000000,0,0.00000000,0.00000000,0
2026-07-10 20:00:00,0.0415,0.0415,0.0415,0.0415,0.00000000,1783727999999,0.00000000,0,0.00000000,0.00000000,0
2026-07-11 00:00:00,0.0415,0.0415,0.0415,0.0415,0.00000000,1783742399999,0.00000000,0,0.00000000,0.00000000,0
2026-07-11 04:00:00,0.0415,0.0415,0.0415,0.0415,0.00000000,1783756799999,0.00000000,0,0.00000000,0.00000000,0
2026-07-11 08:00:00,0.0415,0.0415,0.0415,0.0415,0.00000000,1783771199999,0.00000000,0,0.00000000,0.00000000,0
2026-07-11 12:00:00,0.0415,0.0415,0.0415,0.0415,657.70000000,1783785599999,27.29455000,1,657.70000000,27.29455000,0
2026-07-11 16:00:00,0.0415,0.0415,0.0415,0.0415,0.00000000,1783799999999,0.00000000,0,0.00000000,0.00000000,0
2026-07-11 20:00:00,0.0415,0.0415,0.0415,0.0415,0.00000000,1783814399999,0.00000000,0,0.00000000,0.00000000,0
2026-07-12 00:00:00,0.0415,0.0415,0.0415,0.0415,0.00000000,1783828799999,0.00000000,0,0.00000000,0.00000000,0
2026-07-12 04:00:00,0.0415,0.0415,0.0415,0.0415,0.00000000,1783843199999,0.00000000,0,0.00000000,0.00000000,0
2026-07-12 08:00:00,0.0415,0.0415,0.0415,0.0415,0.00000000,1783857599999,0.00000000,0,0.00000000,0.00000000,0
2026-07-12 12:00:00,0.0415,0.0415,0.0415,0.0415,0.00000000,1783871999999,0.00000000,0,0.00000000,0.00000000,0
2026-07-12 16:00:00,0.0415,0.0415,0.0415,0.0415,0.00000000,1783886399999,0.00000000,0,0.00000000,0.00000000,0
2026-07-12 20:00:00,0.0415,0.0415,0.0415,0.0415,0.00000000,1783900799999,0.00000000,0,0.00000000,0.00000000,0
2026-07-13 00:00:00,0.0415,0.0415,0.0415,0.0415,0.00000000,1783915199999,0.00000000,0,0.00000000,0.00000000,0
2026-07-13 04:00:00,0.0415,0.0415,0.0415,0.0415,0.00000000,1783929599999,0.00000000,0,0.00000000,0.00000000,0
2026-07-13 08:00:00,0.0415,0.0415,0.0415,0.0415,0.00000000,1783943999999,0.00000000,0,0.00000000,0.00000000,0
2026-07-13 12:00:00,0.0415,0.0415,0.0415,0.0415,0.00000000,1783958399999,0.00000000,0,0.00000000,0.00000000,0
2026-07-13 16:00:00,0.0415,0.0415,0.0415,0.0415,0.00000000,1783972799999,0.00000000,0,0.00000000,0.00000000,0
2026-07-13 20:00:00,0.0415,0.0415,0.0415,0.0415,0.00000000,1783987199999,0.00000000,0,0.00000000,0.00000000,0
2026-07-14 00:00:00,0.0415,0.0415,0.0415,0.0415,0.00000000,1784001599999,0.00000000,0,0.00000000,0.00000000,0
2026-07-14 04:00:00,0.0415,0.0415,0.0415,0.0415,0.00000000,1784015999999,0.00000000,0,0.00000000,0.00000000,0
2026-07-14 08:00:00,0.0415,0.0415,0.0415,0.0415,0.00000000,1784030399999,0.00000000,0,0.00000000,0.00000000,0
2026-07-14 12:00:00,0.0415,0.0415,0.0415,0.0415,0.00000000,1784044799999,0.00000000,0,0.00000000,0.00000000,0
2026-07-14 16:00:00,0.0415,0.0415,0.0415,0.0415,0.00000000,1784059199999,0.00000000,0,0.00000000,0.00000000,0
2026-07-14 20:00:00,0.0415,0.0415,0.0415,0.0415,0.00000000,1784073599999,0.00000000,0,0.00000000,0.00000000,0
2026-07-15 00:00:00,0.0415,0.0415,0.0415,0.0415,0.00000000,1784087999999,0.00000000,0,0.00000000,0.00000000,0
2026-07-15 04:00:00,0.0415,0.0415,0.0415,0.0415,0.00000000,1784102399999,0.00000000,0,0.00000000,0.00000000,0
2026-07-15 08:00:00,0.0415,0.0415,0.0415,0.0415,0.00000000,1784116799999,0.00000000,0,0.00000000,0.00000000,0
2026-07-15 12:00:00,0.0415,0.0415,0.0415,0.0415,0.00000000,1784131199999,0.00000000,0,0.00000000,0.00000000,0
2026-07-15 16:00:00,0.0415,0.0415,0.0415,0.0415,0.00000000,1784145599999,0.00000000,0,0.00000000,0.00000000,0
2026-07-15 20:00:00,0.0415,0.0415,0.0415,0.0415,0.00000000,1784159999999,0.00000000,0,0.00000000,0.00000000,0
2026-07-16 00:00:00,0.0415,0.0415,0.0415,0.0415,0.00000000,1784174399999,0.00000000,0,0.00000000,0.00000000,0
2026-07-16 04:00:00,0.0415,0.0415,0.0415,0.0415,0.00000000,1784188799999,0.00000000,0,0.00000000,0.00000000,0
2026-07-16 08:00:00,0.0415,0.0415,0.0415,0.0415,0.00000000,1784203199999,0.00000000,0,0.00000000,0.00000000,0
2026-07-16 12:00:00,0.0415,0.0415,0.0415,0.0415,0.00000000,1784217599999,0.00000000,0,0.00000000,0.00000000,0
2026-07-16 16:00:00,0.0415,0.0415,0.0415,0.0415,0.00000000,1784231999999,0.00000000,0,0.00000000,0.00000000,0
2026-07-16 20:00:00,0.0415,0.0415,0.0415,0.0415,0.00000000,1784246399999,0.00000000,0,0.00000000,0.00000000,0
2026-07-17 00:00:00,0.0415,0.0415,0.0415,0.0415,0.00000000,1784260799999,0.00000000,0,0.00000000,0.00000000,0
2026-07-17 04:00:00,0.0415,0.0415,0.0415,0.0415,0.00000000,1784275199999,0.00000000,0,0.00000000,0.00000000,0
2026-07-17 08:00:00,0.0415,0.0415,0.0415,0.0415,0.00000000,1784289599999,0.00000000,0,0.00000000,0.00000000,0
2026-07-17 12:00:00,0.0415,0.0415,0.0415,0.0415,0.00000000,1784303999999,0.00000000,0,0.00000000,0.00000000,0
2026-07-17 16:00:00,0.0415,0.0415,0.0415,0.0415,0.00000000,1784318399999,0.00000000,0,0.00000000,0.00000000,0
2026-07-17 20:00:00,0.0415,0.0415,0.0415,0.0415,0.00000000,1784332799999,0.00000000,0,0.00000000,0.00000000,0
2026-07-18 00:00:00,0.0415,0.0415,0.0415,0.0415,0.00000000,1784347199999,0.00000000,0,0.00000000,0.00000000,0
2026-07-18 04:00:00,0.0415,0.0415,0.0415,0.0415,0.00000000,1784361599999,0.00000000,0,0.00000000,0.00000000,0
2026-07-18 08:00:00,0.0415,0.0415,0.0415,0.0415,0.00000000,1784375999999,0.00000000,0,0.00000000,0.00000000,0
2026-07-18 12:00:00,0.0415,0.0415,0.0415,0.0415,0.00000000,1784390399999,0.00000000,0,0.00000000,0.00000000,0
2026-07-18 16:00:00,0.0415,0.0415,0.0415,0.0415,0.00000000,1784404799999,0.00000000,0,0.00000000,0.00000000,0
2026-07-18 20:00:00,0.0415,0.0415,0.0415,0.0415,0.00000000,1784419199999,0.00000000,0,0.00000000,0.00000000,0
2026-07-19 00:00:00,0.0415,0.0415,0.0415,0.0415,0.00000000,1784433599999,0.00000000,0,0.00000000,0.00000000,0
2026-07-19 04:00:00,0.0415,0.0415,0.0415,0.0415,0.00000000,1784447999999,0.00000000,0,0.00000000,0.00000000,0
2026-07-19 08:00:00,0.0415,0.0415,0.0415,0.0415,0.00000000,1784462399999,0.00000000,0,0.00000000,0.00000000,0
2026-07-19 12:00:00,0.0415,0.0415,0.0415,0.0415,0.00000000,1784476799999,0.00000000,0,0.00000000,0.00000000,0
2026-07-19 16:00:00,0.0415,0.0415,0.0415,0.0415,0.00000000,1784491199999,0.00000000,0,0.00000000,0.00000000,0
2026-07-19 20:00:00,0.0415,0.0415,0.0415,0.0415,0.00000000,1784505599999,0.00000000,0,0.00000000,0.00000000,0
2026-07-20 00:00:00,0.0415,0.0415,0.0415,0.0415,0.00000000,1784519999999,0.00000000,0,0.00000000,0.00000000,0
2026-07-20 04:00:00,0.0415,0.0415,0.0415,0.0415,0.00000000,1784534399999,0.00000000,0,0.00000000,0.00000000,0
2026-07-20 08:00:00,0.0356,0.0356,0.0355,0.0355,382.70000000,1784548799999,13.61264000,3,0.00000000,0.00000000,0
2026-07-20 12:00:00,0.0355,0.0359,0.0333,0.0359,1466.40000000,1784563199999,52.28712000,3,790.60000000,28.29622000,0
2026-07-20 16:00:00,0.0359,0.0359,0.0359,0.0359,0.00000000,1784577599999,0.00000000,0,0.00000000,0.00000000,0
2026-07-20 20:00:00,0.0359,0.0359,0.0359,0.0359,0.00000000,1784591999999,0.00000000,0,0.00000000,0.00000000,0
2026-07-21 00:00:00,0.0359,0.0359,0.0359,0.0359,0.00000000,1784606399999,0.00000000,0,0.00000000,0.00000000,0
2026-07-21 04:00:00,0.0359,0.0359,0.0359,0.0359,1000.00000000,1784620799999,35.90000000,1,1000.00000000,35.90000000,0
2026-07-21 08:00:00,0.0359,0.0359,0.0359,0.0359,0.00000000,1784635199999,0.00000000,0,0.00000000,0.00000000,0
2026-07-21 12:00:00,0.0359,0.0359,0.0359,0.0359,0.00000000,1784649599999,0.00000000,0,0.00000000,0.00000000,0
2026-07-21 16:00:00,0.0359,0.0359,0.0359,0.0359,0.00000000,1784663999999,0.00000000,0,0.00000000,0.00000000,0
2026-07-21 20:00:00,0.0359,0.0359,0.0359,0.0359,0.00000000,1784678399999,0.00000000,0,0.00000000,0.00000000,0
2026-07-22 00:00:00,0.0359,0.0359,0.0359,0.0359,0.00000000,1784692799999,0.00000000,0,0.00000000,0.00000000,0
2026-07-22 04:00:00,0.0359,0.0359,0.0359,0.0359,0.00000000,1784707199999,0.00000000,0,0.00000000,0.00000000,0
2026-07-22 08:00:00,0.0359,0.0359,0.0359,0.0359,0.00000000,1784721599999,0.00000000,0,0.00000000,0.00000000,0
2026-07-22 12:00:00,0.0359,0.0359,0.0359,0.0359,0.00000000,1784735999999,0.00000000,0,0.00000000,0.00000000,0
2026-07-22 16:00:00,0.0359,0.0359,0.0359,0.0359,0.00000000,1784750399999,0.00000000,0,0.00000000,0.00000000,0
2026-07-22 20:00:00,0.0359,0.0359,0.0359,0.0359,0.00000000,1784764799999,0.00000000,0,0.00000000,0.00000000,0
2026-07-23 00:00:00,0.0359,0.0359,0.0359,0.0359,0.00000000,1784779199999,0.00000000,0,0.00000000,0.00000000,0
2026-07-23 04:00:00,0.0359,0.0359,0.0359,0.0359,0.00000000,1784793599999,0.00000000,0,0.00000000,0.00000000,0
2026-07-23 08:00:00,0.0359,0.0359,0.0359,0.0359,0.00000000,1784807999999,0.00000000,0,0.00000000,0.00000000,0
2026-07-23 12:00:00,0.0359,0.0359,0.0359,0.0359,0.00000000,1784822399999,0.00000000,0,0.00000000,0.00000000,0
2026-07-23 16:00:00,0.0359,0.0359,0.0359,0.0359,0.00000000,1784836799999,0.00000000,0,0.00000000,0.00000000,0
2026-07-23 20:00:00,0.0359,0.0359,0.0359,0.0359,0.00000000,1784851199999,0.00000000,0,0.00000000,0.00000000,0
2026-07-24 00:00:00,0.0359,0.0359,0.0359,0.0359,0.00000000,1784865599999,0.00000000,0,0.00000000,0.00000000,0
2026-07-24 04:00:00,0.0359,0.0359,0.0359,0.0359,0.00000000,1784879999999,0.00000000,0,0.00000000,0.00000000,0
2026-07-24 08:00:00,0.0359,0.0359,0.0359,0.0359,0.00000000,1784894399999,0.00000000,0,0.00000000,0.00000000,0
2026-07-24 12:00:00,0.0359,0.0359,0.0359,0.0359,0.00000000,1784908799999,0.00000000,0,0.00000000,0.00000000,0
2026-07-24 16:00:00,0.0359,0.0359,0.0359,0.0359,0.00000000,1784923199999,0.00000000,0,0.00000000,0.00000000,0
2026-07-24 20:00:00,0.0359,0.0359,0.0359,0.0359,0.00000000,1784937599999,0.00000000,0,0.00000000,0.00000000,0
2026-07-25 00:00:00,0.0359,0.0359,0.0359,0.0359,0.00000000,1784951999999,0.00000000,0,0.00000000,0.00000000,0
2026-07-25 04:00:00,0.0359,0.0359,0.0359,0.0359,0.00000000,1784966399999,0.00000000,0,0.00000000,0.00000000,0
2026-07-25 08:00:00,0.0359,0.0359,0.0359,0.0359,0.00000000,1784980799999,0.00000000,0,0.00000000,0.00000000,0
2026-07-25 12:00:00,0.0359,0.0359,0.0359,0.0359,0.00000000,1784995199999,0.00000000,0,0.00000000,0.00000000,0
2026-07-25 16:00:00,0.0359,0.0359,0.0359,0.0359,0.00000000,1785009599999,0.00000000,0,0.00000000,0.00000000,0
2026-07-25 20:00:00,0.0359,0.0359,0.0359,0.0359,0.00000000,1785023999999,0.00000000,0,0.00000000,0.00000000,0
2026-07-26 00:00:00,0.0359,0.0359,0.0359,0.0359,0.00000000,1785038399999,0.00000000,0,0.00000000,0.00000000,0
2026-07-26 04:00:00,0.0359,0.0359,0.0359,0.0359,0.00000000,1785052799999,0.00000000,0,0.00000000,0.00000000,0
2026-07-26 08:00:00,0.0359,0.0359,0.0359,0.0359,0.00000000,1785067199999,0.00000000,0,0.00000000,0.00000000,0
2026-07-26 12:00:00,0.0359,0.0359,0.0359,0.0359,0.00000000,1785081599999,0.00000000,0,0.00000000,0.00000000,0
2026-07-26 16:00:00,0.0359,0.0359,0.0359,0.0359,0.00000000,1785095999999,0.00000000,0,0.00000000,0.00000000,0
2026-07-26 20:00:00,0.0359,0.0359,0.0359,0.0359,0.00000000,1785110399999,0.00000000,0,0.00000000,0.00000000,0
2026-07-27 00:00:00,0.0359,0.0359,0.0359,0.0359,0.00000000,1785124799999,0.00000000,0,0.00000000,0.00000000,0
2026-07-27 04:00:00,0.0359,0.0359,0.0359,0.0359,0.00000000,1785139199999,0.00000000,0,0.00000000,0.00000000,0
2026-07-27 08:00:00,0.0359,0.0359,0.0359,0.0359,0.00000000,1785153599999,0.00000000,0,0.00000000,0.00000000,0
2026-07-27 12:00:00,0.0359,0.0359,0.0359,0.0359,0.00000000,1785167999999,0.00000000,0,0.00000000,0.00000000,0
2026-07-27 16:00:00,0.0359,0.0359,0.0359,0.0359,0.00000000,1785182399999,0.00000000,0,0.00000000,0.00000000,0
2026-07-27 20:00:00,0.0359,0.0359,0.0359,0.0359,0.00000000,1785196799999,0.00000000,0,0.00000000,0.00000000,0
2026-07-28 00:00:00,0.0359,0.0359,0.0359,0.0359,0.00000000,1785211199999,0.00000000,0,0.00000000,0.00000000,0
2026-07-28 04:00:00,0.0359,0.0359,0.0359,0.0359,0.00000000,1785225599999,0.00000000,0,0.00000000,0.00000000,0
2026-07-28 08:00:00,0.0359,0.0359,0.0359,0.0359,0.00000000,1785239999999,0.00000000,0,0.00000000,0.00000000,0
2026-07-28 12:00:00,0.0359,0.0359,0.0359,0.0359,0.00000000,1785254399999,0.00000000,0,0.00000000,0.00000000,0
2026-07-28 16:00:00,0.0359,0.0359,0.0359,0.0359,0.00000000,1785268799999,0.00000000,0,0.00000000,0.00000000,0
2026-07-28 20:00:00,0.0359,0.0359,0.0359,0.0359,0.00000000,1785283199999,0.00000000,0,0.00000000,0.00000000,0
2026-07-29 00:00:00,0.0359,0.0359,0.0359,0.0359,0.00000000,1785297599999,0.00000000,0,0.00000000,0.00000000,0
2026-07-29 04:00:00,0.0359,0.0359,0.0359,0.0359,0.00000000,1785311999999,0.00000000,0,0.00000000,0.00000000,0
2026-07-29 08:00:00,0.0359,0.0359,0.0359,0.0359,0.00000000,1785326399999,0.00000000,0,0.00000000,0.00000000,0
2026-07-29 12:00:00,0.0359,0.0359,0.0359,0.0359,0.00000000,1785340799999,0.00000000,0,0.00000000,0.00000000,0
2026-07-29 16:00:00,0.0359,0.0359,0.0359,0.0359,0.00000000,1785355199999,0.00000000,0,0.00000000,0.00000000,0
2026-07-29 20:00:00,0.0359,0.0359,0.0359,0.0359,0.00000000,1785369599999,0.00000000,0,0.00000000,0.00000000,0
2026-07-30 00:00:00,0.0359,0.0359,0.0359,0.0359,0.00000000,1785383999999,0.00000000,0,0.00000000,0.00000000,0
2026-07-30 04:00:00,0.0359,0.0359,0.0359,0.0359,0.00000000,1785398399999,0.00000000,0,0.00000000,0.00000000,0
2026-07-30 08:00:00,0.0359,0.0359,0.0359,0.0359,0.00000000,1785412799999,0.00000000,0,0.00000000,0.00000000,0
2026-07-30 12:00:00,0.0359,0.0359,0.0359,0.0359,0.00000000,1785427199999,0.00000000,0,0.00000000,0.00000000,0
2026-07-30 16:00:00,0.0359,0.0359,0.0359,0.0359,0.00000000,1785441599999,0.00000000,0,0.00000000,0.00000000,0
2026-07-30 20:00:00,0.0359,0.0359,0.0359,0.0359,0.00000000,1785455999999,0.00000000,0,0.00000000,0.00000000,0
2026-07-31 00:00:00,0.0359,0.0359,0.0359,0.0359,0.00000000,1785470399999,0.00000000,0,0.00000000,0.00000000,0
2026-07-31 04:00:00,0.0359,0.0359,0.0359,0.0359,0.00000000,1785484799999,0.00000000,0,0.00000000,0.00000000,0
2026-07-31 08:00:00,0.0359,0.0359,0.0359,0.0359,0.00000000,1785499199999,0.00000000,0,0.00000000,0.00000000,0
2026-07-31 12:00:00,0.0359,0.0359,0.0359,0.0359,0.00000000,1785513599999,0.00000000,0,0.00000000,0.00000000,0
2026-07-31 16:00:00,0.0359,0.0359,0.0359,0.0359,0.00000000,1785527999999,0.00000000,0,0.00000000,0.00000000,0
2026-07-31 20:00:00,0.0359,0.0359,0.0359,0.0359,0.00000000,1785542399999,0.00000000,0,0.00000000,0.00000000,0
2026-08-01 00:00:00,0.0359,0.0359,0.0359,0.0359,0.00000000,1785556799999,0.00000000,0,0.00000000,0.00000000,0
2026-08-01 04:00:00,0.0359,0.0359,0.0359,0.0359,0.00000000,1785571199999,0.00000000,0,0.00000000,0.00000000,0
2026-08-01 08:00:00,0.0359,0.0359,0.0359,0.0359,0.00000000,1785585599999,0.00000000,0,0.00000000,0.00000000,0
2026-08-01 12:00:00,0.0359,0.0359,0.0359,0.0359,0.00000000,1785599999999,0.00000000,0,0.00000000,0.00000000,0
2026-08-01 16:00:00,0.0359,0.0359,0.0359,0.0359,0.00000000,1785614399999,0.00000000,0,0.00000000,0.00000000,0
2026-08-01 20:00:00,0.0359,0.0359,0.0359,0.0359,0.00000000,1785628799999,0.00000000,0,0.00000000,0.00000000,0
2026-08-02 00:00:00,0.0359,0.0359,0.0359,0.0359,0.00000000,1785643199999,0.00000000,0,0.00000000,0.00000000,0
2026-08-02 04:00:00,0.0359,0.0359,0.0359,0.0359,0.00000000,1785657599999,0.00000000,0,0.00000000,0.00000000,0
2026-08-02 08:00:00,0.0359,0.0359,0.0359,0.0359,0.00000000,1785671999999,0.00000000,0,0.00000000,0.00000000,0
2026-08-02 12:00:00,0.0359,0.0359,0.0359,0.0359,0.00000000,1785686399999,0.00000000,0,0.00000000,0.00000000,0
2026-08-02 16:00:00,0.0359,0.0359,0.0359,0.0359,0.00000000,1785700799999,0.00000000,0,0.00000000,0.00000000,0
2026-08-02 20:00:00,0.0359,0.0359,0.0359,0.0359,0.00000000,1785715199999,0.00000000,0,0.00000000,0.00000000,0
2026-08-03 00:00:00,0.0359,0.0359,0.0359,0.0359,0.00000000,1785729599999,0.00000000,0,0.00000000,0.00000000,0
2026-08-03 04:00:00,0.0359,0.0359,0.0359,0.0359,0.00000000,1785743999999,0.00000000,0,0.00000000,0.00000000,0
2026-08-03 08:00:00,0.0359,0.0359,0.0359,0.0359,0.00000000,1785758399999,0.00000000,0,0.00000000,0.00000000,0
2026-08-03 12:00:00,0.0359,0.0359,0.0359,0.0359,0.00000000,1785772799999,0.00000000,0,0.00000000,0.00000000,0
2026-08-03 16:00:00,0.0359,0.0359,0.0359,0.0359,0.00000000,1785787199999,0.00000000,0,0.00000000,0.00000000,0
2026-08-03 20:00:00,0.0359,0.0359,0.0359,0.0359,0.00000000,1785801599999,0.00000000,0,0.00000000,0.00000000,0
2026-08-04 00:00:00,0.0359,0.0359,0.0359,0.0359,0.00000000,1785815999999,0.00000000,0,0.00000000,0.00000000,0
2026-08-04 04:00:00,0.0359,0.0359,0.0359,0.0359,0.00000000,1785830399999,0.00000000,0,0.00000000,0.00000000,0
2026-08-04 08:00:00,0.0359,0.0359,0.0359,0.0359,0.00000000,1785844799999,0.00000000,0,0.00000000,0.00000000,0
2026-08-04 12:00:00,0.0359,0.0359,0.0359,0.0359,0.00000000,1785859199999,0.00000000,0,0.00000000,0.00000000,0
2026-08-04 16:00:00,0.0359,0.0359,0.0359,0.0359,0.00000000,1785873599999,0.00000000,0,0.00000000,0.00000000,0
2026-08-04 20:00:00,0.0359,0.0359,0.0359,0.0359,0.00000000,1785887999999,0.00000000,0,0.00000000,0.00000000,0
2026-08-05 00:00:00,0.0359,0.0359,0.0359,0.0359,0.00000000,1785902399999,0.00000000,0,0.00000000,0.00000000,0
2026-08-05 04:00:00,0.0359,0.0359,0.0359,0.0359,0.00000000,1785916799999,0.00000000,0,0.00000000,0.00000000,0
2026-08-05 08:00:00,0.0359,0.0359,0.0359,0.0359,0.00000000,1785931199999,0.00000000,0,0.00000000,0.00000000,0
2026-08-05 12:00:00,0.0359,0.0359,0.0359,0.0359,0.00000000,1785945599999,0.00000000,0,0.00000000,0.00000000,0
2026-08-05 16:00:00,0.0359,0.0359,0.0359,0.0359,0.00000000,1785959999999,0.00000000,0,0.00000000,0.00000000,0
2026-08-05 20:00:00,0.0359,0.0359,0.0359,0.0359,0.00000000,1785974399999,0.00000000,0,0.00000000,0.00000000,0
2026-08-06 00:00:00,0.0359,0.0359,0.0359,0.0359,0.00000000,1785988799999,0.00000000,0,0.00000000,0.00000000,0
2026-08-06 04:00:00,0.0359,0.0359,0.0359,0.0359,0.00000000,1786003199999,0.00000000,0,0.00000000,0.00000000,0
2026-08-06 08:00:00,0.0359,0.0359,0.0359,0.0359,0.00000000,1786017599999,0.00000000,0,0.00000000,0.00000000,0
2026-08-06 12:00:00,0.0359,0.0359,0.0359,0.0359,0.00000000,1786031999999,0.00000000,0,0.00000000,0.00000000,0
2026-08-06 16:00:00,0.0359,0.0359,0.0359,0.0359,0.00000000,1786046399999,0.00000000,0,0.00000000,0.00000000,0
2026-08-06 20:00:00,0.0359,0.0359,0.0359,0.0359,0.00000000,1786060799999,0.00000000,0,0.00000000,0.00000000,0
2026-08-07 00:00:00,0.0359,0.0359,0.0359,0.0359,0.00000000,1786075199999,0.00000000,0,0.00000000,0.00000000,0
2026-08-07 04:00:00,0.0359,0.0359,0.0359,0.0359,0.00000000,1786089599999,0.00000000,0,0.00000000,0.00000000,0
2026-08-07 08:00:00,0.0359,0.0359,0.0359,0.0359,0.00000000,1786103999999,0.00000000,0,0.00000000,0.00000000,0
2026-08-07 12:00:00,0.0359,0.0359,0.0359,0.0359,0.00000000,1786118399999,0.00000000,0,0.00000000,0.00000000,0
2026-08-07 16:00:00,0.0359,0.0359,0.0359,0.0359,0.00000000,1786132799999,0.00000000,0,0.00000000,0.00000000,0
2026-08-07 20:00:00,0.0359,0.0359,0.0359,0.0359,0.00000000,1786147199999,0.00000000,0,0.00000000,0.00000000,0
2026-08-08 00:00:00,0.0359,0.0359,0.0359,0.0359,0.00000000,1786161599999,0.00000000,0,0.00000000,0.00000000,0
2026-08-08 04:00:00,0.0359,0.0359,0.0359,0.0359,0.00000000,1786175999999,0.00000000,0,0.00000000,0.00000000,0
2026-08-08 08:00:00,0.0359,0.0359,0.0359,0.0359,0.00000000,1786190399999,0.00000000,0,0.00000000,0.00000000,0
2026-08-08 12:00:00,0.0359,0.0359,0.0359,0.0359,0.00000000,1786204799999,0.00000000,0,0.00000000,0.00000000,0
2026-08-08 16:00:00,0.0359,0.0359,0.0359,0.0359,0.00000000,1786219199999,0.00000000,0,0.00000000,0.00000000,0
2026-08-08 20:00:00,0.0359,0.0359,0.0359,0.0359,0.00000000,1786233599999,0.00000000,0,0.00000000,0.00000000,0
2026-08-09 00:00:00,0.0359,0.0359,0.0359,0.0359,0.00000000,1786247999999,0.00000000,0,0.00000000,0.00000000,0
2026-08-09 04:00:00,0.0359,0.0359,0.0359,0.0359,0.00000000,1786262399999,0.00000000,0,0.00000000,0.00000000,0
2026-08-09 08:00:00,0.0359,0.0359,0.0359,0.0359,0.00000000,1786276799999,0.00000000,0,0.00000000,0.00000000,0
2026-08-09 12:00:00,0.0359,0.0359,0.0359,0.0359,0.00000000,1786291199999,0.00000000,0,0.00000000,0.00000000,0
2026-08-09 16:00:00,0.0359,0.0359,0.0359,0.0359,0.00000000,1786305599999,0.00000000,0,0.00000000,0.00000000,0
2026-08-09 20:00:00,0.0359,0.0359,0.0359,0.0359,0.00000000,1786319999999,0.00000000,0,0.00000000,0.00000000,0
2026-08-10 00:00:00,0.0359,0.0359,0.0359,0.0359,0.00000000,1786334399999,0.00000000,0,0.00000000,0.00000000,0
2026-08-10 04:00:00,0.0359,0.0359,0.0359,0.0359,0.00000000,1786348799999,0.00000000,0,0.00000000,0.00000000,0
2026-08-10 08:00:00,0.0359,0.0359,0.0359,0.0359,0.00000000,1786363199999,0.00000000,0,0.00000000,0.00000000,0
2026-08-10 12:00:00,0.0359,0.0359,0.0359,0.0359,0.00000000,1786377599999,0.00000000,0,0.00000000,0.00000000,0
2026-08-10 16:00:00,0.0359,0.0359,0.0359,0.0359,0.00000000,1786391999999,0.00000000,0,0.00000000,0.00000000,0
2026-08-10 20:00:00,0.0359,0.0359,0.0359,0.0359,0.00000000,1786406399999,0.00000000,0,0.00000000,0.00000000,0
2026-08-11 00:00:00,0.0359,0.0359,0.0359,0.0359,0.00000000,1786420799999,0.00000000,0,0.00000000,0.00000000,0
2026-08-11 04:00:00,0.0359,0.0359,0.0359,0.0359,0.00000000,1786435199999,0.00000000,0,0.00000000,0.00000000,0
2026-08-11 08:00:00,0.0359,0.0359,0.0359,0.0359,0.00000000,1786449599999,0.00000000,0,0.00000000,0.00000000,0
2026-08-11 12:00:00,0.0359,0.0359,0.0359,0.0359,0.00000000,1786463999999,0.00000000,0,0.00000000,0.00000000,0
2026-08-11 16:00:00,0.0359,0.0359,0.0359,0.0359,0.00000000,1786478399999,0.00000000,0,0.00000000,0.00000000,0
2026-08-11 20:00:00,0.0359,0.0359,0.0359,0.0359,0.00000000,1786492799999,0.00000000,0,0.00000000,0.00000000,0
2026-08-12 00:00:00,0.0359,0.0359,0.0359,0.0359,0.00000000,1786507199999,0.00000000,0,0.00000000,0.00000000,0
2026-08-12 04:00:00,0.0359,0.0359,0.0359,0.0359,0.00000000,1786521599999,0.00000000,0,0.00000000,0.00000000,0
2026-08-12 08:00:00,0.0359,0.0359,0.0359,0.0359,0.00000000,1786535999999,0.00000000,0,0.00000000,0.00000000,0
2026-08-12 12:00:00,0.0359,0.0359,0.0359,0.0359,0.00000000,1786550399999,0.00000000,0,0.00000000,0.00000000,0
2026-08-12 16:00:00,0.0359,0.0359,0.0359,0.0359,0.00000000,1786564799999,0.00000000,0,0.00000000,0.00000000,0
2026-08-12 20:00:00,0.0359,0.0359,0.0359,0.0359,0.00000000,1786579199999,0.00000000,0,0.00000000,0.00000000,0
2026-08-13 00:00:00,0.0359,0.0359,0.0359,0.0359,0.00000000,1786593599999,0.00000000,0,0.00000000,0.00000000,0
2026-08-13 04:00:00,0.0359,0.0359,0.0359,0.0359,0.00000000,1786607999999,0.00000000,0,0.00000000,0.00000000,0
2026-08-13 08:00:00,0.0359,0.0359,0.0359,0.0359,0.00000000,1786622399999,0.00000000,0,0.00000000,0.00000000,0
2026-08-13 12:00:00,0.0359,0.0359,0.0359,0.0359,0.00000000,1786636799999,0.00000000,0,0.00000000,0.00000000,0
2026-08-13 16:00:00,0.0359,0.0359,0.0359,0.0359,0.00000000,1786651199999,0.00000000,0,0.00000000,0.00000000,0
2026-08-13 20:00:00,0.0359,0.0359,0.0359,0.0359,0.00000000,1786665599999,0.00000000,0,0.00000000,0.00000000,0
2026-08-14 00:00:00,0.0359,0.0359,0.0359,0.0359,0.00000000,1786679999999,0.00000000,0,0.00000000,0.00000000,0
2026-08-14 04:00:00,0.0359,0.0359,0.0359,0.0359,0.00000000,1786694399999,0.00000000,0,0.00000000,0.00000000,0
2026-08-14 08:00:00,0.0359,0.0359,0.0359,0.0359,0.00000000,1786708799999,0.00000000,0,0.00000000,0.00000000,0
2026-08-14 12:00:00,0.0359,0.0359,0.0359,0.0359,0.00000000,1786723199999,0.00000000,0,0.00000000,0.00000000,0
2026-08-14 16:00:00,0.0359,0.0359,0.0359,0.0359,0.00000000,1786737599999,0.00000000,0,0.00000000,0.00000000,0
2026-08-14 20:00:00,0.0359,0.0359,0.0359,0.0359,0.00000000,1786751999999,0.00000000,0,0.00000000,0.00000000,0
2026-08-15 00:00:00,0.0359,0.0359,0.0359,0.0359,0.00000000,1786766399999,0.00000000,0,0.00000000,0.00000000,0
2026-08-15 04:00:00,0.0359,0.0359,0.0359,0.0359,0.00000000,1786780799999,0.00000000,0,0.00000000,0.00000000,0
2026-08-15 08:00:00,0.0359,0.0359,0.0359,0.0359,0.00000000,1786795199999,0.00000000,0,0.00000000,0.00000000,0
2026-08-15 12:00:00,0.0359,0.0359,0.0359,0.0359,0.00000000,1786809599999,0.00000000,0,0.00000000,0.00000000,0
2026-08-15 16:00:00,0.0359,0.0359,0.0359,0.0359,0.00000000,1786823999999,0.00000000,0,0.00000000,0.00000000,0
2026-08-15 20:00:00,0.0359,0.0359,0.0359,0.0359,0.00000000,1786838399999,0.00000000,0,0.00000000,0.00000000,0
2026-08-16 00:00:00,0.0359,0.0359,0.0359,0.0359,0.00000000,1786852799999,0.00000000,0,0.00000000,0.00000000,0
2026-08-16 04:00:00,0.0359,0.0359,0.0359,0.0359,0.00000000,1786867199999,0.00000000,0,0.00000000,0.00000000,0
2026-08-16 08:00:00,0.0359,0.0359,0.0359,0.0359,0.00000000,1786881599999,0.00000000,0,0.00000000,0.00000000,0
2026-08-16 12:00:00,0.0359,0.0359,0.0359,0.0359,0.00000000,1786895999999,0.00000000,0,0.00000000,0.00000000,0
2026-08-16 16:00:00,0.0359,0.0359,0.0359,0.0359,0.00000000,1786910399999,0.00000000,0,0.00000000,0.00000000,0
2026-08-16 20:00:00,0.0359,0.0359,0.0359,0.0359,0.00000000,1786924799999,0.00000000,0,0.00000000,0.00000000,0
2026-08-17 00:00:00,0.0359,0.0359,0.0359,0.0359,0.00000000,1786939199999,0.00000000,0,0.00000000,0.00000000,0
2026-08-17 04:00:00,0.0359,0.0359,0.0359,0.0359,0.00000000,1786953599999,0.00000000,0,0.00000000,0.00000000,0
2026-08-17 08:00:00,0.0359,0.0359,0.0359,0.0359,0.00000000,1786967999999,0.00000000,0,0.00000000,0.00000000,0
2026-08-17 12:00:00,0.0359,0.0359,0.0359,0.0359,0.00000000,1786982399999,0.00000000,0,0.00000000,0.00000000,0
2026-08-17 16:00:00,0.0359,0.0359,0.0359,0.0359,0.00000000,1786996799999,0.00000000,0,0.00000000,0.00000000,0
2026-08-17 20:00:00,0.0359,0.0359,0.0359,0.0359,0.00000000,1787011199999,0.00000000,0,0.00000000,0.00000000,0
2026-08-18 00:00:00,0.0359,0.0359,0.0359,0.0359,0.00000000,1787025599999,0.00000000,0,0.00000000,0.00000000,0
2026-08-18 04:00:00,0.0359,0.0359,0.0359,0.0359,0.00000000,1787039999999,0.00000000,0,0.00000000,0.00000000,0
2026-08-18 08:00:00,0.0359,0.0359,0.0359,0.0359,0.00000000,1787054399999,0.00000000,0,0.00000000,0.00000000,0
2026-08-18 12:00:00,0.031,0.031,0.031,0.031,745.20000000,1787068799999,23.10120000,1,0.00000000,0.00000000,0
2026-08-18 16:00:00,0.031,0.031,0.031,0.031,0.00000000,1787083199999,0.00000000,0,0.00000000,0.00000000,0
2026-08-18 20:00:00,0.031,0.031,0.031,0.031,0.00000000,1787097599999,0.00000000,0,0.00000000,0.00000000,0
2026-08-19 00:00:00,0.031,0.031,0.031,0.031,0.00000000,1787111999999,0.00000000,0,0.00000000,0.00000000,0
2026-08-19 04:00:00,0.031,0.031,0.031,0.031,0.00000000,1787126399999,0.00000000,0,0.00000000,0.00000000,0
2026-08-19 08:00:00,0.031,0.031,0.031,0.031,0.00000000,1787140799999,0.00000000,0,0.00000000,0.00000000,0
2026-08-19 12:00:00,0.031,0.031,0.031,0.031,0.00000000,1787155199999,0.00000000,0,0.00000000,0.00000000,0
2026-08-19 16:00:00,0.031,0.031,0.031,0.031,0.00000000,1787169599999,0.00000000,0,0.00000000,0.00000000,0
2026-08-19 20:00:00,0.031,0.031,0.031,0.031,0.00000000,1787183999999,0.00000000,0,0.00000000,0.00000000,0
2026-08-20 00:00:00,0.031,0.031,0.031,0.031,0.00000000,1787198399999,0.00000000,0,0.00000000,0.00000000,0
2026-08-20 04:00:00,0.031,0.031,0.031,0.031,0.00000000,1787212799999,0.00000000,0,0.00000000,0.00000000,0
2026-08-20 08:00:00,0.031,0.031,0.031,0.031,0.00000000,1787227199999,0.00000000,0,0.00000000,0.00000000,0
2026-08-20 12:00:00,0.031,0.031,0.031,0.031,0.00000000,1787241599999,0.00000000,0,0.00000000,0.00000000,0
2026-08-20 16:00:00,0.031,0.031,0.031,0.031,0.00000000,1787255999999,0.00000000,0,0.00000000,0.00000000,0
2026-08-20 20:00:00,0.031,0.031,0.031,0.031,0.00000000,1787270399999,0.00000000,0,0.00000000,0.00000000,0
2026-08-21 00:00:00,0.031,0.031,0.031,0.031,0.00000000,1787284799999,0.00000000,0,0.00000000,0.00000000,0
2026-08-21 04:00:00,0.031,0.031,0.031,0.031,0.00000000,1787299199999,0.00000000,0,0.00000000,0.00000000,0
2026-08-21 08:00:00,0.031,0.031,0.031,0.031,0.00000000,1787313599999,0.00000000,0,0.00000000,0.00000000,0
2026-08-21 12:00:00,0.031,0.031,0.031,0.031,0.00000000,1787327999999,0.00000000,0,0.00000000,0.00000000,0
2026-08-21 16:00:00,0.031,0.031,0.031,0.031,0.00000000,1787342399999,0.00000000,0,0.00000000,0.00000000,0
2026-08-21 20:00:00,0.0491,0.0491,0.0491,0.0491,4737.30000000,1787356799999,232.60143000,1,4737.30000000,232.60143000,0
2026-08-22 00:00:00,0.0495,0.0499,0.0495,0.0499,511.20000000,1787371199999,25.36508000,3,511.20000000,25.36508000,0
2026-08-22 04:00:00,0.0499,0.0499,0.0499,0.0499,5000.00000000,1787385599999,249.50000000,1,0.00000000,0.00000000,0
2026-08-22 08:00:00,0.0477,0.0477,0.0302,0.0302,69.30000000,1787399999999,2.72986000,2,0.00000000,0.00000000,0
2026-08-22 12:00:00,0.0302,0.0302,0.0302,0.0302,0.00000000,1787414399999,0.00000000,0,0.00000000,0.00000000,0
2026-08-22 16:00:00,0.0302,0.0302,0.0302,0.0302,0.00000000,1787428799999,0.00000000,0,0.00000000,0.00000000,0
2026-08-22 20:00:00,0.0302,0.0302,0.0302,0.0302,0.00000000,1787443199999,0.00000000,0,0.00000000,0.00000000,0
2026-08-23 00:00:00,0.0302,0.0302,0.0302,0.0302,0.00000000,1787457599999,0.00000000,0,0.00000000,0.00000000,0
2026-08-23 04:00:00,0.0302,0.0302,0.0302,0.0302,0.00000000,1787471999999,0.00000000,0,0.00000000,0.00000000,0
2026-08-23 08:00:00,0.0302,0.0302,0.0302,0.0302,0.00000000,1787486399999,0.00000000,0,0.00000000,0.00000000,0
2026-08-23 12:00:00,0.0302,0.0302,0.0302,0.0302,0.00000000,1787500799999,0.00000000,0,0.00000000,0.00000000,0
2026-08-23 16:00:00,0.0302,0.0302,0.0302,0.0302,0.00000000,1787515199999,0.00000000,0,0.00000000,0.00000000,0
2026-08-23 20:00:00,0.0302,0.0302,0.0302,0.0302,0.00000000,1787529599999,0.00000000,0,0.00000000,0.00000000,0
2026-08-24 00:00:00,0.0302,0.0302,0.0302,0.0302,0.00000000,1787543999999,0.00000000,0,0.00000000,0.00000000,0
2026-08-24 04:00:00,0.0302,0.0302,0.0302,0.0302,0.00000000,1787558399999,0.00000000,0,0.00000000,0.00000000,0
2026-08-24 08:00:00,0.0302,0.0302,0.0302,0.0302,0.00000000,1787572799999,0.00000000,0,0.00000000,0.00000000,0
2026-08-24 12:00:00,0.0302,0.0302,0.0302,0.0302,0.00000000,1787587199999,0.00000000,0,0.00000000,0.00000000,0
2026-08-24 16:00:00,0.0305,0.0305,0.0305,0.0305,98.70000000,1787601599999,3.01035000,1,0.00000000,0.00000000,0
2026-08-24 20:00:00,0.0305,0.0305,0.0305,0.0305,0.00000000,1787615999999,0.00000000,0,0.00000000,0.00000000,0
2026-08-25 00:00:00,0.0305,0.0305,0.0305,0.0305,0.00000000,1787630399999,0.00000000,0,0.00000000,0.00000000,0
2026-08-25 04:00:00,0.0305,0.0305,0.0305,0.0305,0.00000000,1787644799999,0.00000000,0,0.00000000,0.00000000,0
2026-08-25 08:00:00,0.0305,0.0305,0.0305,0.0305,0.00000000,1787659199999,0.00000000,0,0.00000000,0.00000000,0
2026-08-25 12:00:00,0.0305,0.0305,0.0305,0.0305,0.00000000,1787673599999,0.00000000,0,0.00000000,0.00000000,0
2026-08-25 16:00:00,0.0305,0.0305,0.0305,0.0305,0.00000000,1787687999999,0.00000000,0,0.00000000,0.00000000,0
2026-08-25 20:00:00,0.0305,0.0305,0.0305,0.0305,0.00000000,1787702399999,0.00000000,0,0.00000000,0.00000000,0
2026-08-26 00:00:00,0.0305,0.0305,0.0305,0.0305,0.00000000,1787716799999,0.00000000,0,0.00000000,0.00000000,0
2026-08-26 04:00:00,0.0305,0.0305,0.0305,0.0305,0.00000000,1787731199999,0.00000000,0,0.00000000,0.00000000,0
2026-08-26 08:00:00,0.0305,0.0305,0.0305,0.0305,0.00000000,1787745599999,0.00000000,0,0.00000000,0.00000000,0
2026-08-26 12:00:00,0.0305,0.0305,0.0305,0.0305,0.00000000,1787759999999,0.00000000,0,0.00000000,0.00000000,0
2026-08-26 16:00:00,0.0305,0.0305,0.0305,0.0305,0.00000000,1787774399999,0.00000000,0,0.00000000,0.00000000,0
2026-08-26 20:00:00,0.0305,0.0305,0.0305,0.0305,0.00000000,1787788799999,0.00000000,0,0.00000000,0.00000000,0
2026-08-27 00:00:00,0.0305,0.0305,0.0305,0.0305,0.00000000,1787803199999,0.00000000,0,0.00000000,0.00000000,0
2026-08-27 04:00:00,0.0305,0.0305,0.0305,0.0305,0.00000000,1787817599999,0.00000000,0,0.00000000,0.00000000,0
2026-08-27 08:00:00,0.0305,0.0305,0.0305,0.0305,0.00000000,1787831999999,0.00000000,0,0.00000000,0.00000000,0
2026-08-27 12:00:00,0.0305,0.0305,0.0305,0.0305,0.00000000,1787846399999,0.00000000,0,0.00000000,0.00000000,0
2026-08-27 16:00:00,0.0305,0.0305,0.0305,0.0305,0.00000000,1787860799999,0.00000000,0,0.00000000,0.00000000,0
2026-08-27 20:00:00,0.0305,0.0305,0.0305,0.0305,0.00000000,1787875199999,0.00000000,0,0.00000000,0.00000000,0
2026-08-28 00:00:00,0.0305,0.0305,0.0305,0.0305,0.00000000,1787889599999,0.00000000,0,0.00000000,0.00000000,0
2026-08-28 04:00:00,0.0305,0.0305,0.0305,0.0305,0.00000000,1787903999999,0.00000000,0,0.00000000,0.00000000,0
2026-08-28 08:00:00,0.0305,0.0305,0.0305,0.0305,0.00000000,1787918399999,0.00000000,0,0.00000000,0.00000000,0
2026-08-28 12:00:00,0.0305,0.0305,0.0305,0.0305,0.00000000,1787932799999,0.00000000,0,0.00000000,0.00000000,0
2026-08-28 16:00:00,0.0305,0.0305,0.0305,0.0305,0.00000000,1787947199999,0.00000000,0,0.00000000,0.00000000,0
2026-08-28 20:00:00,0.0305,0.0305,0.0305,0.0305,0.00000000,1787961599999,0.00000000,0,0.00000000,0.00000000,0
2026-08-29 00:00:00,0.0305,0.0305,0.0305,0.0305,0.00000000,1787975999999,0.00000000,0,0.00000000,0.00000000,0
2026-08-29 04:00:00,0.0305,0.0305,0.0305,0.0305,0.00000000,1787990399999,0.00000000,0,0.00000000,0.00000000,0
2026-08-29 08:00:00,0.0305,0.0305,0.0305,0.0305,0.00000000,1788004799999,0.00000000,0,0.00000000,0.00000000,0
2026-08-29 12:00:00,0.0305,0.0305,0.0305,0.0305,0.00000000,1788019199999,0.00000000,0,0.00000000,0.00000000,0
2026-08-29 16:00:00,0.0305,0.0305,0.0305,0.0305,0.00000000,1788033599999,0.00000000,0,0.00000000,0.00000000,0
2026-08-29 20:00:00,0.0305,0.0305,0.0305,0.0305,0.00000000,1788047999999,0.00000000,0,0.00000000,0.00000000,0
2026-08-30 00:00:00,0.0305,0.0305,0.0305,0.0305,0.00000000,1788062399999,0.00000000,0,0.00000000,0.00000000,0
2026-08-30 04:00:00,0.0305,0.0305,0.0305,0.0305,0.00000000,1788076799999,0.00000000,0,0.00000000,0.00000000,0
2026-08-30 08:00:00,0.0305,0.0305,0.0305,0.0305,0.00000000,1788091199999,0.00000000,0,0.00000000,0.00000000,0
2026-08-30 12:00:00,0.0305,0.0305,0.0305,0.0305,0.00000000,1788105599999,0.00000000,0,0.00000000,0.00000000,0
2026-08-30 16:00:00,0.0305,0.0305,0.0305,0.0305,0.00000000,1788119999999,0.00000000,0,0.00000000,0.00000000,0
2026-08-30 20:00:00,0.0305,0.0305,0.0305,0.0305,0.00000000,1788134399999,0.00000000,0,0.00000000,0.00000000,0
2026-08-31 00:00:00,0.0305,0.0305,0.0305,0.0305,0.00000000,1788148560000,0.00000000,0,0.00000000,0.00000000,0
2026-08-31 12:00:00,0.04,0.04,0.04,0.04,50.10000000,1788191999999,2.00400000,1,50.10000000,2.00400000,0
2026-08-31 16:00:00,0.04,0.04,0.04,0.04,0.00000000,1788206399999,0.00000000,0,0.00000000,0.00000000,0
2026-08-31 20:00:00,0.04,0.04,0.04,0.04,0.00000000,1788220799999,0.00000000,0,0.00000000,0.00000000,0
2026-09-01 00:00:00,0.04,0.04,0.04,0.04,0.00000000,1788235199999,0.00000000,0,0.00000000,0.00000000,0
2026-09-01 04:00:00,0.04,0.04,0.04,0.04,0.00000000,1788249599999,0.00000000,0,0.00000000,0.00000000,0
2026-09-01 08:00:00,0.04,0.04,0.04,0.04,0.00000000,1788263999999,0.00000000,0,0.00000000,0.00000000,0
2026-09-01 12:00:00,0.04,0.04,0.04,0.04,0.00000000,1788278399999,0.00000000,0,0.00000000,0.00000000,0
2026-09-01 16:00:00,0.04,0.04,0.04,0.04,0.00000000,1788292799999,0.00000000,0,0.00000000,0.00000000,0
2026-09-01 20:00:00,0.04,0.04,0.04,0.04,0.00000000,1788307199999,0.00000000,0,0.00000000,0.00000000,0
2026-09-02 00:00:00,0.04,0.04,0.04,0.04,0.00000000,1788321599999,0.00000000,0,0.00000000,0.00000000,0
2026-09-02 04:00:00,0.04,0.04,0.04,0.04,0.00000000,1788335999999,0.00000000,0,0.00000000,0.00000000,0
2026-09-02 08:00:00,0.04,0.04,0.04,0.04,0.00000000,1788350399999,0.00000000,0,0.00000000,0.00000000,0
2026-09-02 12:00:00,0.04,0.04,0.04,0.04,0.00000000,1788364799999,0.00000000,0,0.00000000,0.00000000,0
2026-09-02 16:00:00,0.04,0.04,0.04,0.04,0.00000000,1788379199999,0.00000000,0,0.00000000,0.00000000,0
2026-09-02 20:00:00,0.04,0.04,0.04,0.04,0.00000000,1788393599999,0.00000000,0,0.00000000,0.00000000,0
2026-09-03 00:00:00,0.04,0.04,0.04,0.04,0.00000000,1788407999999,0.00000000,0,0.00000000,0.00000000,0
2026-09-03 04:00:00,0.04,0.04,0.04,0.04,0.00000000,1788422399999,0.00000000,0,0.00000000,0.00000000,0
2026-09-03 08:00:00,0.04,0.04,0.04,0.04,0.00000000,1788436799999,0.00000000,0,0.00000000,0.00000000,0
2026-09-03 12:00:00,0.04,0.04,0.04,0.04,0.00000000,1788451199999,0.00000000,0,0.00000000,0.00000000,0
2026-09-03 16:00:00,0.04,0.04,0.04,0.04,0.00000000,1788465599999,0.00000000,0,0.00000000,0.00000000,0
2026-09-03 20:00:00,0.04,0.04,0.04,0.04,0.00000000,1788479999999,0.00000000,0,0.00000000,0.00000000,0
2026-09-04 00:00:00,0.04,0.04,0.04,0.04,0.00000000,1788494399999,0.00000000,0,0.00000000,0.00000000,0
2026-09-04 04:00:00,0.04,0.04,0.04,0.04,0.00000000,1788508799999,0.00000000,0,0.00000000,0.00000000,0
2026-09-04 08:00:00,0.04,0.04,0.04,0.04,0.00000000,1788523199999,0.00000000,0,0.00000000,0.00000000,0
2026-09-04 12:00:00,0.04,0.04,0.04,0.04,1215.30000000,1788537599999,48.61200000,1,1215.30000000,48.61200000,0
2026-09-04 16:00:00,0.04,0.04,0.04,0.04,0.00000000,1788551999999,0.00000000,0,0.00000000,0.00000000,0
2026-09-04 20:00:00,0.04,0.04,0.04,0.04,0.00000000,1788566399999,0.00000000,0,0.00000000,0.00000000,0
2026-09-05 00:00:00,0.04,0.04,0.04,0.04,0.00000000,1788580799999,0.00000000,0,0.00000000,0.00000000,0
2026-09-05 04:00:00,0.04,0.04,0.04,0.04,0.00000000,1788595199999,0.00000000,0,0.00000000,0.00000000,0
2026-09-05 08:00:00,0.04,0.04,0.04,0.04,0.00000000,1788609599999,0.00000000,0,0.00000000,0.00000000,0
2026-09-05 12:00:00,0.04,0.04,0.04,0.04,0.00000000,1788623999999,0.00000000,0,0.00000000,0.00000000,0
2026-09-05 16:00:00,0.04,0.04,0.04,0.04,0.00000000,1788638399999,0.00000000,0,0.00000000,0.00000000,0
2026-09-05 20:00:00,0.04,0.04,0.04,0.04,0.00000000,1788652799999,0.00000000,0,0.00000000,0.00000000,0
2026-09-06 00:00:00,0.04,0.04,0.04,0.04,0.00000000,1788667199999,0.00000000,0,0.00000000,0.00000000,0
2026-09-06 04:00:00,0.04,0.04,0.04,0.04,0.00000000,1788681599999,0.00000000,0,0.00000000,0.00000000,0
2026-09-06 08:00:00,0.04,0.04,0.04,0.04,0.00000000,1788695999999,0.00000000,0,0.00000000,0.00000000,0
2026-09-06 12:00:00,0.04,0.04,0.04,0.04,0.00000000,1788710399999,0.00000000,0,0.00000000,0.00000000,0
2026-09-06 16:00:00,0.04,0.04,0.04,0.04,0.00000000,1788724799999,0.00000000,0,0.00000000,0.00000000,0
2026-09-06 20:00:00,0.04,0.04,0.04,0.04,0.00000000,1788739199999,0.00000000,0,0.00000000,0.00000000,0
2026-09-07 00:00:00,0.04,0.04,0.04,0.04,0.00000000,1788753599999,0.00000000,0,0.00000000,0.00000000,0
2026-09-07 04:00:00,0.04,0.04,0.04,0.04,0.00000000,1788767999999,0.00000000,0,0.00000000,0.00000000,0
2026-09-07 08:00:00,0.04,0.04,0.04,0.04,0.00000000,1788782399999,0.00000000,0,0.00000000,0.00000000,0
2026-09-07 12:00:00,0.04,0.04,0.04,0.04,0.00000000,1788796799999,0.00000000,0,0.00000000,0.00000000,0
2026-09-07 16:00:00,0.04,0.04,0.04,0.04,0.00000000,1788811199999,0.00000000,0,0.00000000,0.00000000,0
2026-09-07 20:00:00,0.04,0.04,0.04,0.04,0.00000000,1788825599999,0.00000000,0,0.00000000,0.00000000,0
2026-09-08 00:00:00,0.04,0.04,0.04,0.04,0.00000000,1788839999999,0.00000000,0,0.00000000,0.00000000,0
2026-09-08 04:00:00,0.04,0.04,0.04,0.04,0.00000000,1788854399999,0.00000000,0,0.00000000,0.00000000,0
2026-09-08 08:00:00,0.04,0.04,0.04,0.04,0.00000000,1788868799999,0.00000000,0,0.00000000,0.00000000,0
2026-09-08 12:00:00,0.04,0.04,0.04,0.04,0.00000000,1788883199999,0.00000000,0,0.00000000,0.00000000,0
2026-09-08 16:00:00,0.04,0.04,0.04,0.04,0.00000000,1788897599999,0.00000000,0,0.00000000,0.00000000,0
2026-09-08 20:00:00,0.04,0.04,0.04,0.04,0.00000000,1788911999999,0.00000000,0,0.00000000,0.00000000,0
2026-09-09 00:00:00,0.04,0.04,0.04,0.04,0.00000000,1788926399999,0.00000000,0,0.00000000,0.00000000,0
2026-09-09 04:00:00,0.04,0.04,0.04,0.04,0.00000000,1788940799999,0.00000000,0,0.00000000,0.00000000,0
2026-09-09 08:00:00,0.04,0.04,0.04,0.04,0.00000000,1788955199999,0.00000000,0,0.00000000,0.00000000,0
2026-09-09 12:00:00,0.04,0.04,0.04,0.04,0.00000000,1788969599999,0.00000000,0,0.00000000,0.00000000,0
2026-09-09 16:00:00,0.04,0.04,0.04,0.04,0.00000000,1788983999999,0.00000000,0,0.00000000,0.00000000,0
2026-09-09 20:00:00,0.04,0.04,0.04,0.04,0.00000000,1788998399999,0.00000000,0,0.00000000,0.00000000,0
2026-09-10 00:00:00,0.04,0.04,0.04,0.04,0.00000000,1789012799999,0.00000000,0,0.00000000,0.00000000,0
2026-09-10 04:00:00,0.04,0.04,0.04,0.04,0.00000000,1789027199999,0.00000000,0,0.00000000,0.00000000,0
2026-09-10 08:00:00,0.04,0.04,0.04,0.04,0.00000000,1789041599999,0.00000000,0,0.00000000,0.00000000,0
2026-09-10 12:00:00,0.04,0.04,0.04,0.04,0.00000000,1789055999999,0.00000000,0,0.00000000,0.00000000,0
2026-09-10 16:00:00,0.04,0.04,0.04,0.04,0.00000000,1789070399999,0.00000000,0,0.00000000,0.00000000,0
2026-09-10 20:00:00,0.04,0.04,0.04,0.04,0.00000000,1789084799999,0.00000000,0,0.00000000,0.00000000,0
2026-09-11 00:00:00,0.04,0.04,0.04,0.04,0.00000000,1789099199999,0.00000000,0,0.00000000,0.00000000,0
2026-09-11 04:00:00,0.04,0.04,0.04,0.04,0.00000000,1789113599999,0.00000000,0,0.00000000,0.00000000,0
2026-09-11 08:00:00,0.04,0.04,0.04,0.04,0.00000000,1789127999999,0.00000000,0,0.00000000,0.00000000,0
2026-09-11 12:00:00,0.04,0.04,0.04,0.04,0.00000000,1789142399999,0.00000000,0,0.00000000,0.00000000,0
2026-09-11 16:00:00,0.04,0.04,0.04,0.04,0.00000000,1789156799999,0.00000000,0,0.00000000,0.00000000,0
